nodes: 605 edges: 8304
0 3
0 4
0 6
0 8
0 10
0 15
0 16
0 20
0 21
0 23
0 24
0 25
0 28
0 30
0 31
0 32
0 33
0 35
0 36
0 37
0 39
0 41
0 42
0 44
0 48
0 53
0 56
0 57
0 60
0 65
0 66
0 67
0 68
0 71
0 75
0 76
0 81
0 82
0 83
0 85
0 86
0 87
0 89
0 90
0 92
0 94
0 96
0 98
0 99
0 102
0 108
0 110
0 112
0 113
0 115
0 239
0 418
0 596
1 5
1 6
1 8
1 10
1 14
1 16
1 17
1 19
1 20
1 21
1 22
1 24
1 25
1 27
1 29
1 31
1 31
1 37
1 38
1 48
1 49
1 50
1 52
1 54
1 55
1 56
1 59
1 61
1 62
1 64
1 65
1 66
1 69
1 73
1 76
1 79
1 80
1 81
1 82
1 83
1 84
1 85
1 90
1 93
1 94
1 100
1 102
1 103
1 104
1 107
1 112
1 118
1 119
1 123
1 124
1 125
1 491
2 6
2 7
2 12
2 13
2 14
2 15
2 16
2 17
2 24
2 25
2 28
2 29
2 34
2 36
2 37
2 39
2 40
2 42
2 43
2 44
2 46
2 47
2 49
2 50
2 51
2 52
2 54
2 58
2 59
2 60
2 61
2 62
2 63
2 66
2 68
2 69
2 70
2 72
2 74
2 75
2 80
2 82
2 92
2 96
2 98
2 99
2 100
2 103
2 105
2 108
2 109
2 110
2 111
2 114
2 115
3 6
3 7
3 8
3 9
3 10
3 11
3 14
3 16
3 19
3 23
3 25
3 26
3 27
3 29
3 31
3 32
3 36
3 38
3 44
3 45
3 46
3 47
3 48
3 52
3 53
3 54
3 55
3 56
3 57
3 59
3 61
3 65
3 66
3 67
3 68
3 69
3 71
3 72
3 75
3 81
3 83
3 84
3 85
3 86
3 89
3 91
3 93
3 95
3 98
3 99
3 100
3 101
3 103
3 106
3 109
3 164
3 323
3 507
4 5
4 6
4 8
4 9
4 22
4 23
4 26
4 27
4 28
4 29
4 30
4 32
4 34
4 36
4 37
4 39
4 40
4 46
4 47
4 50
4 51
4 55
4 57
4 58
4 59
4 60
4 62
4 63
4 65
4 69
4 70
4 71
4 74
4 78
4 79
4 81
4 87
4 88
4 89
4 90
4 91
4 92
4 93
4 94
4 95
4 97
4 98
4 99
4 100
4 101
4 105
4 106
4 107
4 110
4 113
5 6
5 7
5 11
5 12
5 14
5 15
5 16
5 17
5 20
5 21
5 22
5 26
5 30
5 32
5 34
5 37
5 39
5 41
5 42
5 45
5 47
5 50
5 51
5 53
5 55
5 56
5 58
5 59
5 62
5 63
5 64
5 68
5 69
5 70
5 71
5 73
5 74
5 76
5 78
5 79
5 84
5 87
5 89
5 90
5 92
5 95
5 96
5 101
5 104
5 106
5 107
5 111
5 114
5 115
5 116
5 294
5 425
6 7
6 9
6 10
6 11
6 12
6 13
6 15
6 16
6 17
6 18
6 24
6 27
6 29
6 31
6 32
6 33
6 34
6 36
6 37
6 39
6 41
6 44
6 45
6 47
6 49
6 50
6 51
6 52
6 53
6 56
6 57
6 58
6 62
6 63
6 64
6 65
6 66
6 68
6 70
6 71
6 74
6 75
6 79
6 80
6 82
6 83
6 84
6 85
6 86
6 87
6 89
6 92
6 93
6 95
6 96
6 184
6 360
6 436
7 8
7 14
7 16
7 19
7 24
7 27
7 28
7 32
7 37
7 38
7 39
7 44
7 48
7 49
7 50
7 51
7 54
7 56
7 58
7 59
7 60
7 61
7 64
7 69
7 71
7 75
7 77
7 85
7 86
7 90
7 92
7 94
7 96
7 99
7 100
7 101
7 103
7 104
7 105
7 110
7 111
7 112
7 113
7 114
7 117
7 120
7 121
7 124
7 126
7 130
7 132
7 138
7 142
7 143
7 144
7 601
8 9
8 10
8 14
8 16
8 17
8 18
8 19
8 20
8 21
8 23
8 24
8 26
8 28
8 29
8 30
8 31
8 34
8 41
8 43
8 45
8 46
8 49
8 51
8 54
8 56
8 57
8 58
8 59
8 60
8 61
8 62
8 64
8 65
8 69
8 70
8 71
8 72
8 73
8 75
8 76
8 78
8 79
8 81
8 82
8 83
8 84
8 85
8 86
8 88
8 89
8 90
8 91
8 92
8 93
8 94
8 457
9 10
9 12
9 19
9 20
9 21
9 22
9 28
9 29
9 32
9 35
9 36
9 37
9 38
9 39
9 42
9 45
9 46
9 47
9 50
9 53
9 54
9 55
9 56
9 58
9 60
9 62
9 63
9 67
9 68
9 69
9 72
9 73
9 74
9 76
9 78
9 82
9 83
9 84
9 88
9 90
9 92
9 93
9 94
9 96
9 104
9 105
9 106
9 107
9 108
9 109
9 110
9 112
9 113
9 114
9 115
9 118
10 11
10 12
10 13
10 17
10 19
10 20
10 23
10 25
10 26
10 27
10 28
10 30
10 31
10 35
10 36
10 38
10 40
10 44
10 50
10 51
10 52
10 53
10 55
10 56
10 60
10 61
10 62
10 64
10 65
10 67
10 68
10 69
10 70
10 71
10 72
10 73
10 74
10 76
10 83
10 84
10 86
10 87
10 88
10 89
10 91
10 95
10 97
10 100
10 101
10 103
10 106
10 107
10 112
10 115
10 116
10 117
11 12
11 13
11 16
11 19
11 20
11 21
11 22
11 25
11 27
11 28
11 29
11 31
11 32
11 33
11 34
11 35
11 36
11 38
11 42
11 43
11 44
11 47
11 53
11 55
11 56
11 61
11 62
11 63
11 64
11 65
11 66
11 67
11 68
11 69
11 70
11 73
11 74
11 75
11 76
11 77
11 78
11 79
11 81
11 83
11 84
11 86
11 87
11 88
11 89
11 91
11 92
11 94
11 97
11 98
11 99
12 14
12 17
12 18
12 21
12 23
12 25
12 26
12 27
12 28
12 29
12 33
12 34
12 35
12 37
12 38
12 43
12 45
12 49
12 51
12 52
12 54
12 58
12 59
12 63
12 71
12 72
12 77
12 78
12 79
12 81
12 83
12 84
12 86
12 88
12 89
12 90
12 92
12 94
12 99
12 102
12 104
12 105
12 106
12 110
12 111
12 112
12 114
12 115
12 119
12 122
12 123
12 124
12 126
12 127
12 130
13 15
13 17
13 20
13 21
13 27
13 28
13 29
13 31
13 35
13 36
13 38
13 39
13 40
13 41
13 48
13 50
13 51
13 57
13 58
13 60
13 61
13 63
13 65
13 66
13 67
13 70
13 71
13 72
13 73
13 74
13 77
13 79
13 80
13 82
13 84
13 85
13 86
13 89
13 90
13 92
13 95
13 96
13 97
13 98
13 99
13 100
13 101
13 108
13 110
13 111
13 113
13 114
13 115
13 116
13 117
13 150
14 15
14 17
14 18
14 20
14 23
14 28
14 29
14 30
14 31
14 33
14 34
14 35
14 40
14 42
14 43
14 47
14 48
14 49
14 50
14 53
14 54
14 57
14 59
14 60
14 61
14 63
14 64
14 68
14 70
14 71
14 74
14 76
14 77
14 78
14 79
14 80
14 83
14 84
14 86
14 87
14 90
14 93
14 96
14 98
14 100
14 101
14 104
14 105
14 106
14 107
14 108
14 109
14 110
14 112
14 113
14 364
15 16
15 19
15 21
15 22
15 24
15 27
15 28
15 30
15 33
15 35
15 36
15 39
15 40
15 44
15 45
15 47
15 49
15 50
15 51
15 52
15 55
15 56
15 58
15 59
15 62
15 64
15 66
15 67
15 71
15 76
15 77
15 78
15 85
15 90
15 91
15 97
15 98
15 100
15 101
15 103
15 104
15 106
15 108
15 109
15 110
15 114
15 115
15 116
15 117
15 123
15 125
15 128
15 129
15 131
15 133
16 17
16 18
16 22
16 27
16 28
16 29
16 30
16 31
16 32
16 37
16 39
16 40
16 41
16 42
16 43
16 45
16 48
16 53
16 54
16 56
16 57
16 59
16 65
16 66
16 70
16 72
16 74
16 75
16 78
16 84
16 85
16 86
16 87
16 88
16 89
16 92
16 94
16 95
16 99
16 104
16 105
16 107
16 108
16 109
16 110
16 112
16 113
16 117
16 119
16 120
16 121
16 122
16 123
16 128
16 134
16 280
16 561
17 20
17 23
17 25
17 30
17 31
17 32
17 39
17 40
17 41
17 42
17 47
17 48
17 49
17 50
17 51
17 53
17 57
17 59
17 64
17 65
17 66
17 67
17 69
17 70
17 72
17 73
17 75
17 77
17 78
17 81
17 82
17 83
17 85
17 88
17 89
17 91
17 93
17 95
17 98
17 103
17 104
17 105
17 106
17 108
17 109
17 110
17 111
17 112
17 115
17 117
17 118
17 119
17 120
17 122
17 124
17 132
18 19
18 21
18 30
18 32
18 35
18 37
18 38
18 40
18 43
18 44
18 45
18 47
18 48
18 50
18 51
18 54
18 55
18 56
18 57
18 59
18 61
18 62
18 64
18 65
18 67
18 68
18 71
18 73
18 74
18 75
18 76
18 77
18 80
18 81
18 82
18 85
18 86
18 87
18 88
18 91
18 92
18 93
18 95
18 96
18 99
18 101
18 105
18 106
18 112
18 113
18 116
18 119
18 120
18 121
18 123
18 124
18 397
18 404
19 22
19 23
19 31
19 32
19 33
19 35
19 39
19 40
19 41
19 42
19 47
19 48
19 49
19 51
19 52
19 55
19 57
19 58
19 59
19 62
19 63
19 66
19 67
19 71
19 72
19 73
19 74
19 76
19 78
19 80
19 81
19 85
19 87
19 92
19 93
19 96
19 100
19 103
19 104
19 105
19 106
19 108
19 113
19 114
19 117
19 122
19 124
19 126
19 132
19 134
19 137
19 142
19 144
19 148
19 152
19 447
20 22
20 23
20 25
20 27
20 29
20 32
20 35
20 39
20 42
20 43
20 44
20 46
20 47
20 49
20 50
20 53
20 58
20 59
20 60
20 62
20 64
20 66
20 69
20 70
20 72
20 74
20 76
20 78
20 79
20 88
20 91
20 94
20 96
20 97
20 98
20 99
20 101
20 103
20 104
20 105
20 107
20 109
20 110
20 111
20 112
20 113
20 114
20 117
20 120
20 121
20 122
20 124
20 128
20 129
20 130
20 319
21 23
21 24
21 25
21 28
21 31
21 37
21 38
21 39
21 40
21 41
21 44
21 45
21 47
21 48
21 50
21 51
21 53
21 54
21 55
21 56
21 61
21 62
21 63
21 65
21 66
21 68
21 70
21 72
21 73
21 74
21 77
21 78
21 79
21 80
21 81
21 83
21 84
21 85
21 86
21 87
21 90
21 91
21 94
21 95
21 97
21 99
21 103
21 104
21 107
21 112
21 115
21 116
21 118
21 120
21 122
21 550
22 23
22 24
22 25
22 27
22 28
22 29
22 30
22 31
22 33
22 37
22 38
22 39
22 40
22 42
22 45
22 46
22 47
22 49
22 50
22 51
22 52
22 57
22 60
22 63
22 64
22 65
22 66
22 68
22 70
22 73
22 74
22 75
22 79
22 80
22 83
22 84
22 88
22 89
22 92
22 93
22 96
22 99
22 100
22 101
22 102
22 103
22 104
22 105
22 111
22 114
22 115
22 116
22 117
22 118
22 120
22 489
23 24
23 29
23 32
23 35
23 36
23 37
23 40
23 45
23 46
23 49
23 52
23 53
23 55
23 61
23 62
23 64
23 65
23 66
23 68
23 71
23 74
23 77
23 78
23 79
23 82
23 83
23 84
23 86
23 89
23 90
23 92
23 93
23 94
23 96
23 97
23 98
23 99
23 100
23 101
23 104
23 106
23 107
23 109
23 114
23 115
23 119
23 121
23 122
23 124
23 126
23 128
23 132
23 136
23 138
23 140
24 25
24 28
24 29
24 30
24 31
24 32
24 33
24 34
24 39
24 40
24 41
24 42
24 44
24 46
24 50
24 51
24 55
24 56
24 57
24 59
24 63
24 64
24 65
24 66
24 68
24 69
24 70
24 71
24 73
24 78
24 83
24 85
24 86
24 89
24 91
24 92
24 93
24 96
24 98
24 99
24 110
24 111
24 114
24 116
24 117
24 119
24 120
24 121
24 122
24 123
24 127
24 129
24 130
24 132
24 133
25 26
25 27
25 28
25 35
25 37
25 43
25 44
25 46
25 47
25 51
25 52
25 53
25 54
25 55
25 56
25 58
25 63
25 64
25 65
25 66
25 67
25 70
25 71
25 73
25 74
25 75
25 78
25 79
25 81
25 82
25 83
25 84
25 86
25 87
25 90
25 92
25 93
25 95
25 96
25 97
25 98
25 99
25 100
25 101
25 107
25 109
25 111
25 112
25 113
25 114
25 117
25 118
25 119
25 121
25 122
25 302
26 27
26 28
26 32
26 33
26 33
26 34
26 35
26 37
26 38
26 39
26 41
26 42
26 43
26 47
26 48
26 49
26 50
26 51
26 52
26 55
26 57
26 59
26 63
26 64
26 65
26 67
26 68
26 69
26 74
26 75
26 78
26 79
26 81
26 84
26 86
26 87
26 88
26 89
26 91
26 93
26 95
26 96
26 97
26 103
26 106
26 108
26 109
26 110
26 111
26 112
26 113
26 114
26 116
26 119
26 121
26 123
26 173
27 37
27 43
27 44
27 48
27 50
27 53
27 54
27 55
27 56
27 58
27 63
27 64
27 65
27 68
27 73
27 74
27 80
27 82
27 84
27 85
27 92
27 93
27 96
27 97
27 98
27 101
27 102
27 103
27 104
27 105
27 106
27 107
27 108
27 110
27 111
27 112
27 113
27 115
27 116
27 117
27 120
27 121
27 122
27 124
27 127
27 129
27 130
27 131
27 132
27 133
27 135
27 136
27 138
27 139
27 140
27 583
28 31
28 32
28 33
28 34
28 35
28 36
28 38
28 39
28 41
28 42
28 43
28 47
28 50
28 53
28 54
28 56
28 64
28 65
28 66
28 70
28 71
28 72
28 74
28 75
28 77
28 80
28 81
28 82
28 83
28 86
28 90
28 91
28 94
28 95
28 97
28 98
28 102
28 103
28 104
28 105
28 107
28 108
28 109
28 110
28 111
28 112
28 115
28 117
28 121
28 122
28 123
28 125
28 129
28 131
28 133
28 499
28 518
28 565
29 30
29 31
29 37
29 38
29 39
29 41
29 43
29 50
29 53
29 54
29 55
29 56
29 58
29 58
29 64
29 67
29 69
29 70
29 72
29 73
29 77
29 78
29 80
29 81
29 82
29 83
29 84
29 86
29 88
29 90
29 91
29 93
29 95
29 96
29 97
29 99
29 105
29 106
29 107
29 108
29 109
29 110
29 112
29 115
29 116
29 117
29 120
29 121
29 123
29 124
29 124
29 126
29 127
29 129
29 130
29 131
29 132
29 148
29 158
29 205
29 345
29 428
29 563
30 35
30 38
30 43
30 45
30 48
30 49
30 50
30 52
30 53
30 54
30 56
30 57
30 58
30 59
30 61
30 62
30 63
30 73
30 74
30 78
30 79
30 83
30 86
30 87
30 89
30 91
30 92
30 96
30 99
30 102
30 103
30 104
30 105
30 109
30 112
30 116
30 117
30 119
30 122
30 123
30 125
30 126
30 128
30 130
30 131
30 132
30 133
30 134
30 136
30 140
30 141
30 145
30 146
30 148
30 152
31 34
31 36
31 38
31 41
31 43
31 55
31 56
31 57
31 58
31 61
31 62
31 63
31 64
31 65
31 67
31 68
31 69
31 75
31 80
31 84
31 86
31 88
31 89
31 90
31 93
31 94
31 96
31 99
31 100
31 101
31 103
31 104
31 106
31 107
31 111
31 112
31 113
31 115
31 116
31 118
31 119
31 120
31 121
31 124
31 125
31 126
31 127
31 128
31 130
31 131
31 134
31 135
31 136
31 137
31 142
32 33
32 35
32 37
32 40
32 42
32 43
32 44
32 45
32 48
32 50
32 53
32 54
32 59
32 60
32 61
32 62
32 65
32 66
32 67
32 68
32 69
32 70
32 71
32 73
32 74
32 75
32 76
32 78
32 82
32 84
32 86
32 87
32 91
32 95
32 96
32 97
32 100
32 103
32 106
32 108
32 110
32 111
32 112
32 113
32 114
32 118
32 119
32 121
32 122
32 126
32 128
32 130
32 134
32 135
32 137
32 391
32 545
33 34
33 35
33 36
33 38
33 39
33 42
33 48
33 51
33 52
33 53
33 54
33 55
33 56
33 57
33 58
33 59
33 60
33 61
33 62
33 64
33 65
33 67
33 69
33 71
33 73
33 76
33 80
33 81
33 82
33 84
33 85
33 88
33 94
33 95
33 96
33 100
33 101
33 102
33 105
33 108
33 109
33 113
33 115
33 117
33 122
33 124
33 126
33 127
33 128
33 129
33 130
33 133
33 136
33 137
33 138
33 340
33 393
34 35
34 36
34 38
34 39
34 40
34 42
34 43
34 44
34 47
34 48
34 51
34 52
34 55
34 60
34 61
34 63
34 64
34 65
34 66
34 68
34 72
34 73
34 76
34 77
34 78
34 80
34 82
34 86
34 87
34 91
34 92
34 92
34 94
34 97
34 99
34 100
34 104
34 106
34 107
34 108
34 109
34 110
34 111
34 117
34 118
34 119
34 121
34 122
34 124
34 126
34 129
34 132
34 133
34 134
34 137
34 138
34 233
35 36
35 37
35 38
35 44
35 46
35 47
35 49
35 50
35 52
35 56
35 58
35 59
35 60
35 69
35 73
35 75
35 76
35 78
35 80
35 81
35 83
35 85
35 88
35 90
35 96
35 97
35 100
35 101
35 102
35 103
35 108
35 110
35 111
35 113
35 114
35 117
35 118
35 122
35 123
35 124
35 125
35 128
35 130
35 134
35 135
35 137
35 139
35 141
35 144
35 146
35 147
35 149
35 150
35 152
35 153
36 39
36 41
36 42
36 44
36 46
36 47
36 48
36 49
36 50
36 56
36 57
36 62
36 64
36 65
36 66
36 67
36 69
36 71
36 72
36 74
36 75
36 77
36 78
36 79
36 80
36 82
36 83
36 87
36 89
36 96
36 100
36 103
36 105
36 106
36 108
36 109
36 110
36 111
36 113
36 115
36 117
36 118
36 120
36 121
36 124
36 127
36 129
36 130
36 132
36 135
36 137
36 140
36 142
36 147
36 148
36 149
37 38
37 45
37 46
37 49
37 50
37 52
37 54
37 56
37 58
37 60
37 61
37 62
37 64
37 66
37 67
37 68
37 69
37 72
37 73
37 74
37 76
37 77
37 78
37 79
37 80
37 81
37 83
37 86
37 87
37 88
37 89
37 90
37 95
37 96
37 98
37 99
37 100
37 101
37 105
37 106
37 107
37 108
37 109
37 110
37 111
37 116
37 117
37 118
37 119
37 120
37 125
37 127
37 128
37 129
37 134
37 137
37 225
37 528
38 41
38 43
38 44
38 46
38 50
38 51
38 53
38 55
38 62
38 67
38 68
38 69
38 72
38 73
38 75
38 76
38 77
38 78
38 79
38 85
38 88
38 89
38 91
38 93
38 98
38 99
38 100
38 101
38 102
38 107
38 108
38 111
38 113
38 115
38 118
38 119
38 120
38 121
38 122
38 123
38 126
38 127
38 128
38 129
38 130
38 131
38 133
38 136
38 137
38 139
38 142
38 143
38 144
38 148
38 153
38 157
39 40
39 41
39 42
39 45
39 46
39 47
39 49
39 50
39 52
39 53
39 54
39 58
39 61
39 62
39 63
39 65
39 69
39 70
39 72
39 75
39 78
39 79
39 80
39 82
39 84
39 85
39 87
39 89
39 91
39 92
39 93
39 97
39 98
39 100
39 105
39 108
39 109
39 110
39 114
39 116
39 120
39 121
39 124
39 125
39 126
39 127
39 128
39 130
39 133
39 134
39 136
39 140
39 144
39 146
39 148
39 397
40 45
40 48
40 49
40 50
40 53
40 54
40 55
40 58
40 59
40 60
40 62
40 63
40 67
40 68
40 71
40 72
40 73
40 76
40 77
40 78
40 80
40 83
40 85
40 86
40 88
40 89
40 91
40 92
40 94
40 95
40 97
40 98
40 100
40 101
40 104
40 110
40 113
40 114
40 118
40 119
40 120
40 128
40 129
40 131
40 133
40 134
40 136
40 138
40 141
40 142
40 143
40 146
40 149
40 151
40 154
40 308
41 44
41 47
41 48
41 54
41 55
41 56
41 59
41 60
41 61
41 63
41 67
41 69
41 70
41 72
41 73
41 76
41 78
41 80
41 81
41 82
41 83
41 87
41 89
41 90
41 91
41 92
41 93
41 94
41 95
41 96
41 99
41 100
41 101
41 102
41 103
41 104
41 109
41 110
41 111
41 112
41 114
41 117
41 119
41 120
41 121
41 123
41 124
41 126
41 127
41 131
41 132
41 133
41 135
41 137
41 139
41 554
42 44
42 47
42 49
42 51
42 52
42 53
42 54
42 55
42 56
42 61
42 62
42 64
42 66
42 67
42 70
42 72
42 73
42 74
42 75
42 76
42 79
42 80
42 82
42 84
42 88
42 89
42 91
42 93
42 96
42 99
42 104
42 105
42 106
42 108
42 109
42 110
42 111
42 112
42 114
42 116
42 119
42 120
42 121
42 122
42 123
42 128
42 129
42 131
42 133
42 136
42 139
42 140
42 141
42 143
42 144
42 147
43 44
43 45
43 48
43 50
43 54
43 56
43 58
43 61
43 62
43 67
43 69
43 70
43 73
43 76
43 78
43 79
43 83
43 84
43 85
43 87
43 90
43 94
43 102
43 108
43 109
43 110
43 113
43 123
43 124
43 126
43 127
43 128
43 132
43 133
43 136
43 137
43 138
43 142
43 143
43 144
43 145
43 147
43 148
43 151
43 156
43 159
43 160
43 161
43 165
43 166
43 170
43 171
43 172
43 177
43 179
43 493
43 500
44 45
44 46
44 47
44 49
44 51
44 54
44 57
44 58
44 59
44 60
44 61
44 62
44 65
44 66
44 67
44 68
44 69
44 70
44 71
44 76
44 79
44 81
44 84
44 85
44 88
44 90
44 91
44 92
44 94
44 96
44 99
44 101
44 103
44 104
44 105
44 110
44 112
44 115
44 117
44 120
44 121
44 122
44 124
44 125
44 126
44 130
44 131
44 132
44 134
44 136
44 138
44 143
44 149
44 150
44 153
45 46
45 47
45 48
45 49
45 51
45 52
45 55
45 56
45 57
45 58
45 59
45 62
45 64
45 68
45 71
45 72
45 73
45 74
45 78
45 79
45 80
45 81
45 82
45 86
45 87
45 89
45 90
45 91
45 93
45 98
45 102
45 104
45 105
45 106
45 109
45 110
45 114
45 115
45 117
45 120
45 123
45 124
45 127
45 129
45 130
45 136
45 137
45 140
45 141
45 142
45 143
45 144
45 147
45 148
45 151
45 208
46 49
46 53
46 54
46 56
46 57
46 58
46 60
46 61
46 62
46 65
46 66
46 67
46 69
46 71
46 72
46 73
46 74
46 77
46 81
46 82
46 83
46 85
46 90
46 93
46 94
46 100
46 101
46 102
46 104
46 107
46 113
46 121
46 122
46 128
46 130
46 131
46 132
46 134
46 138
46 141
46 144
46 147
46 148
46 149
46 150
46 153
46 154
46 155
46 157
46 167
46 168
46 169
46 173
46 176
46 177
47 10
47 49
47 51
47 53
47 56
47 57
47 60
47 62
47 63
47 65
47 66
47 68
47 69
47 70
47 73
47 74
47 76
47 77
47 79
47 81
47 82
47 84
47 87
47 88
47 92
47 95
47 96
47 97
47 98
47 100
47 102
47 106
47 111
47 113
47 114
47 115
47 117
47 118
47 121
47 122
47 123
47 124
47 126
47 129
47 131
47 133
47 134
47 136
47 139
47 140
47 141
47 142
47 143
47 144
47 146
47 148
47 150
47 421
48 51
48 53
48 54
48 56
48 57
48 59
48 60
48 61
48 64
48 65
48 67
48 69
48 71
48 74
48 76
48 77
48 78
48 82
48 86
48 88
48 89
48 90
48 91
48 92
48 93
48 96
48 99
48 101
48 102
48 106
48 107
48 109
48 112
48 113
48 114
48 121
48 123
48 130
48 132
48 135
48 136
48 140
48 142
48 145
48 149
48 156
48 160
48 163
48 165
48 167
48 168
48 173
48 174
48 175
48 176
49 50
49 51
49 53
49 54
49 55
49 56
49 57
49 58
49 60
49 61
49 63
49 64
49 65
49 66
49 68
49 69
49 70
49 71
49 74
49 76
49 81
49 87
49 88
49 89
49 90
49 91
49 94
49 96
49 101
49 103
49 104
49 108
49 110
49 114
49 117
49 120
49 121
49 124
49 125
49 126
49 131
49 133
49 140
49 141
49 146
49 149
49 150
49 156
49 157
49 159
49 161
49 162
49 163
49 164
49 165
49 166
49 551
50 52
50 54
50 55
50 56
50 57
50 58
50 62
50 63
50 65
50 67
50 69
50 71
50 72
50 73
50 74
50 75
50 76
50 79
50 82
50 85
50 86
50 88
50 89
50 97
50 98
50 100
50 104
50 105
50 106
50 108
50 109
50 110
50 113
50 116
50 117
50 119
50 122
50 126
50 130
50 131
50 133
50 134
50 136
50 137
50 140
50 142
50 143
50 144
50 146
50 151
50 152
50 154
50 156
50 157
50 158
50 195
50 405
51 52
51 54
51 59
51 61
51 62
51 64
51 68
51 69
51 74
51 76
51 79
51 82
51 83
51 87
51 88
51 89
51 90
51 91
51 92
51 95
51 97
51 98
51 99
51 100
51 101
51 107
51 109
51 109
51 110
51 111
51 112
51 122
51 123
51 124
51 125
51 128
51 130
51 132
51 136
51 138
51 140
51 141
51 142
51 144
51 145
51 147
51 148
51 149
51 156
51 158
51 159
51 161
51 163
51 166
51 168
51 172
51 174
52 55
52 56
52 57
52 58
52 59
52 62
52 63
52 65
52 67
52 69
52 70
52 72
52 73
52 74
52 75
52 85
52 86
52 87
52 90
52 92
52 94
52 95
52 97
52 99
52 104
52 105
52 108
52 112
52 114
52 118
52 121
52 122
52 123
52 127
52 129
52 133
52 134
52 139
52 140
52 141
52 142
52 144
52 145
52 146
52 147
52 151
52 152
52 156
52 160
52 164
52 166
52 167
52 168
52 169
52 170
52 253
53 55
53 58
53 59
53 60
53 61
53 62
53 63
53 64
53 65
53 67
53 69
53 70
53 71
53 75
53 76
53 77
53 78
53 79
53 80
53 83
53 84
53 87
53 89
53 90
53 91
53 92
53 95
53 98
53 100
53 103
53 108
53 109
53 110
53 111
53 114
53 115
53 116
53 117
53 118
53 121
53 122
53 123
53 124
53 126
53 127
53 129
53 130
53 134
53 139
53 140
53 141
53 144
53 148
53 151
53 153
53 496
54 56
54 61
54 63
54 71
54 73
54 78
54 79
54 80
54 81
54 84
54 89
54 90
54 93
54 95
54 98
54 104
54 105
54 107
54 108
54 109
54 110
54 111
54 112
54 114
54 115
54 116
54 118
54 120
54 121
54 123
54 126
54 127
54 131
54 132
54 133
54 134
54 135
54 139
54 142
54 143
54 145
54 147
54 148
54 149
54 151
54 152
54 153
54 155
54 156
54 158
54 160
54 163
54 164
54 166
54 167
54 336
55 56
55 58
55 60
55 61
55 62
55 65
55 66
55 68
55 71
55 74
55 75
55 79
55 81
55 83
55 84
55 85
55 88
55 89
55 94
55 96
55 99
55 101
55 102
55 105
55 109
55 112
55 115
55 117
55 120
55 121
55 124
55 125
55 127
55 128
55 129
55 131
55 132
55 133
55 134
55 135
55 136
55 137
55 138
55 140
55 141
55 144
55 145
55 146
55 147
55 150
55 152
55 153
55 154
55 156
55 159
55 331
55 394
56 57
56 58
56 59
56 61
56 63
56 64
56 66
56 68
56 69
56 70
56 73
56 79
56 80
56 81
56 82
56 85
56 90
56 93
56 95
56 99
56 101
56 107
56 108
56 109
56 111
56 113
56 114
56 116
56 118
56 119
56 122
56 123
56 125
56 126
56 130
56 132
56 139
56 141
56 143
56 144
56 145
56 151
56 153
56 154
56 155
56 156
56 157
56 159
56 165
56 168
56 169
56 170
56 172
56 173
56 174
57 58
57 61
57 62
57 63
57 68
57 70
57 73
57 75
57 78
57 80
57 84
57 85
57 87
57 89
57 90
57 93
57 96
57 97
57 98
57 99
57 101
57 102
57 105
57 106
57 109
57 115
57 117
57 119
57 120
57 122
57 124
57 125
57 127
57 132
57 133
57 136
57 138
57 139
57 145
57 146
57 147
57 148
57 149
57 150
57 151
57 158
57 159
57 160
57 162
57 163
57 165
57 166
57 168
57 172
57 173
58 59
58 62
58 63
58 64
58 65
58 67
58 68
58 70
58 72
58 73
58 74
58 76
58 78
58 80
58 81
58 82
58 83
58 85
58 90
58 92
58 93
58 94
58 96
58 102
58 103
58 105
58 106
58 108
58 109
58 110
58 111
58 113
58 114
58 115
58 119
58 121
58 122
58 123
58 126
58 127
58 128
58 134
58 135
58 138
58 139
58 140
58 141
58 149
58 150
58 151
58 158
58 159
58 161
58 162
58 164
58 347
58 461
58 559
59 60
59 61
59 65
59 71
59 73
59 74
59 77
59 80
59 81
59 82
59 84
59 85
59 87
59 88
59 90
59 92
59 94
59 95
59 96
59 98
59 99
59 101
59 102
59 103
59 105
59 110
59 113
59 115
59 118
59 120
59 122
59 124
59 128
59 133
59 134
59 139
59 145
59 147
59 152
59 155
59 157
59 160
59 162
59 163
59 164
59 167
59 169
59 171
59 174
59 176
59 178
59 180
59 184
59 185
59 187
60 64
60 69
60 72
60 73
60 77
60 80
60 81
60 82
60 87
60 93
60 94
60 95
60 96
60 98
60 101
60 104
60 105
60 106
60 107
60 108
60 110
60 111
60 113
60 114
60 116
60 123
60 124
60 126
60 128
60 129
60 131
60 136
60 138
60 139
60 140
60 141
60 143
60 145
60 146
60 148
60 149
60 152
60 153
60 155
60 156
60 157
60 158
60 159
60 160
60 161
60 165
60 166
60 168
60 169
60 173
61 62
61 64
61 65
61 67
61 70
61 71
61 74
61 78
61 79
61 82
61 85
61 86
61 88
61 93
61 94
61 96
61 98
61 99
61 100
61 102
61 103
61 104
61 106
61 107
61 108
61 110
61 112
61 113
61 114
61 116
61 118
61 121
61 123
61 124
61 125
61 126
61 127
61 131
61 133
61 134
61 135
61 138
61 142
61 146
61 147
61 150
61 152
61 153
61 154
61 158
61 159
61 160
61 161
61 164
61 167
61 254
61 255
62 65
62 67
62 74
62 75
62 77
62 78
62 79
62 82
62 84
62 85
62 87
62 89
62 90
62 91
62 94
62 96
62 99
62 100
62 101
62 103
62 104
62 105
62 106
62 109
62 110
62 111
62 114
62 115
62 116
62 117
62 118
62 119
62 120
62 122
62 123
62 124
62 126
62 127
62 128
62 133
62 134
62 135
62 136
62 137
62 139
62 143
62 144
62 145
62 146
62 147
62 149
62 151
62 153
62 155
62 157
63 64
63 65
63 66
63 68
63 69
63 70
63 71
63 73
63 74
63 76
63 77
63 80
63 81
63 82
63 83
63 85
63 86
63 88
63 89
63 91
63 92
63 93
63 95
63 96
63 98
63 99
63 102
63 103
63 108
63 109
63 110
63 112
63 113
63 114
63 115
63 116
63 118
63 119
63 121
63 122
63 123
63 124
63 125
63 126
63 128
63 129
63 130
63 133
63 134
63 135
63 137
63 138
63 141
63 147
63 152
64 65
64 66
64 68
64 71
64 73
64 77
64 79
64 82
64 83
64 84
64 85
64 87
64 88
64 89
64 91
64 93
64 94
64 96
64 97
64 98
64 99
64 101
64 103
64 108
64 110
64 112
64 113
64 114
64 116
64 117
64 118
64 119
64 121
64 122
64 125
64 130
64 131
64 136
64 138
64 139
64 141
64 144
64 147
64 148
64 151
64 152
64 154
64 156
64 157
64 162
64 163
64 165
64 166
64 168
64 169
64 378
65 48
65 66
65 68
65 69
65 70
65 73
65 74
65 75
65 77
65 79
65 80
65 86
65 87
65 88
65 90
65 92
65 93
65 94
65 95
65 97
65 98
65 100
65 102
65 106
65 107
65 108
65 110
65 111
65 113
65 114
65 118
65 119
65 120
65 121
65 123
65 125
65 128
65 130
65 132
65 134
65 135
65 143
65 144
65 145
65 146
65 148
65 149
65 152
65 153
65 155
65 157
65 158
65 161
65 162
65 163
65 164
66 67
66 69
66 71
66 75
66 78
66 81
66 84
66 85
66 86
66 87
66 88
66 89
66 91
66 92
66 93
66 94
66 95
66 97
66 100
66 102
66 104
66 105
66 107
66 108
66 111
66 113
66 115
66 116
66 118
66 119
66 121
66 122
66 123
66 124
66 127
66 129
66 136
66 138
66 139
66 144
66 146
66 148
66 150
66 151
66 152
66 154
66 157
66 158
66 159
66 161
66 163
66 165
66 167
66 171
66 173
67 70
67 71
67 72
67 73
67 74
67 75
67 76
67 77
67 80
67 81
67 84
67 85
67 89
67 91
67 93
67 96
67 98
67 99
67 102
67 103
67 104
67 106
67 107
67 109
67 114
67 115
67 117
67 121
67 125
67 127
67 128
67 131
67 134
67 136
67 137
67 141
67 142
67 145
67 152
67 153
67 156
67 159
67 160
67 161
67 165
67 166
67 174
67 175
67 179
67 180
67 181
67 184
67 185
67 186
67 187
68 69
68 70
68 75
68 78
68 81
68 82
68 83
68 85
68 86
68 87
68 89
68 93
68 94
68 95
68 96
68 97
68 99
68 100
68 103
68 104
68 105
68 108
68 115
68 118
68 119
68 123
68 124
68 125
68 127
68 128
68 129
68 130
68 134
68 135
68 136
68 137
68 138
68 140
68 141
68 143
68 146
68 148
68 151
68 155
68 157
68 159
68 160
68 161
68 166
68 168
68 170
68 173
68 174
68 176
68 177
68 319
68 414
69 72
69 73
69 75
69 76
69 78
69 79
69 80
69 81
69 82
69 83
69 86
69 87
69 90
69 91
69 92
69 93
69 94
69 98
69 99
69 100
69 101
69 103
69 109
69 110
69 113
69 114
69 115
69 116
69 118
69 119
69 122
69 125
69 126
69 127
69 128
69 130
69 132
69 134
69 136
69 137
69 139
69 141
69 144
69 145
69 148
69 152
69 154
69 155
69 161
69 164
69 166
69 170
69 171
69 173
69 174
70 73
70 74
70 76
70 78
70 80
70 82
70 83
70 85
70 87
70 90
70 91
70 94
70 100
70 103
70 104
70 106
70 107
70 110
70 111
70 112
70 113
70 114
70 118
70 119
70 120
70 121
70 123
70 127
70 130
70 131
70 133
70 135
70 136
70 139
70 142
70 143
70 144
70 145
70 146
70 148
70 149
70 154
70 155
70 157
70 159
70 162
70 163
70 165
70 167
70 169
70 173
70 176
70 181
70 182
70 183
71 46
71 72
71 73
71 75
71 76
71 78
71 80
71 81
71 86
71 88
71 89
71 91
71 93
71 94
71 96
71 98
71 101
71 102
71 107
71 110
71 114
71 117
71 122
71 123
71 124
71 125
71 126
71 129
71 133
71 134
71 135
71 137
71 142
71 143
71 144
71 145
71 148
71 149
71 153
71 156
71 158
71 159
71 160
71 161
71 162
71 164
71 165
71 166
71 168
71 169
71 170
71 177
71 179
71 180
71 181
71 183
72 73
72 75
72 77
72 78
72 80
72 84
72 86
72 87
72 92
72 93
72 94
72 97
72 100
72 101
72 103
72 104
72 105
72 106
72 108
72 109
72 112
72 113
72 114
72 115
72 119
72 121
72 123
72 124
72 127
72 128
72 130
72 133
72 136
72 140
72 144
72 145
72 150
72 152
72 156
72 163
72 170
72 172
72 174
72 175
72 177
72 178
72 180
72 183
72 184
72 185
72 186
72 187
72 188
72 189
72 192
72 320
73 75
73 76
73 77
73 78
73 79
73 80
73 82
73 83
73 87
73 89
73 90
73 91
73 92
73 94
73 95
73 99
73 100
73 101
73 104
73 105
73 107
73 109
73 110
73 112
73 114
73 117
73 118
73 121
73 123
73 126
73 127
73 128
73 129
73 130
73 131
73 132
73 134
73 135
73 136
73 137
73 138
73 140
73 142
73 145
73 148
73 153
73 154
73 155
73 157
73 158
73 160
73 163
73 166
73 172
73 173
73 179
73 189
73 365
73 375
73 561
74 76
74 77
74 80
74 82
74 85
74 86
74 89
74 90
74 91
74 94
74 95
74 96
74 98
74 101
74 102
74 103
74 104
74 105
74 107
74 109
74 112
74 113
74 118
74 124
74 127
74 129
74 131
74 133
74 135
74 136
74 137
74 139
74 141
74 142
74 143
74 144
74 145
74 147
74 148
74 151
74 158
74 161
74 162
74 166
74 169
74 170
74 171
74 174
74 175
74 176
74 177
74 179
74 181
74 182
74 185
75 11
75 78
75 79
75 81
75 86
75 88
75 89
75 92
75 94
75 95
75 96
75 97
75 98
75 99
75 100
75 104
75 105
75 106
75 107
75 110
75 111
75 112
75 114
75 117
75 120
75 123
75 125
75 130
75 131
75 132
75 133
75 135
75 136
75 137
75 139
75 140
75 141
75 142
75 146
75 148
75 155
75 158
75 160
75 162
75 168
75 170
75 172
75 175
75 176
75 177
75 180
75 184
75 185
75 190
75 191
75 192
75 358
76 78
76 79
76 81
76 82
76 84
76 94
76 95
76 99
76 101
76 102
76 104
76 105
76 106
76 107
76 110
76 113
76 115
76 117
76 119
76 120
76 124
76 128
76 129
76 130
76 136
76 139
76 146
76 149
76 153
76 155
76 157
76 158
76 159
76 162
76 163
76 166
76 167
76 169
76 170
76 177
76 178
76 180
76 184
76 187
76 188
76 191
76 192
76 197
76 198
76 199
76 201
76 206
76 208
76 209
76 211
76 587
77 78
77 80
77 81
77 85
77 88
77 90
77 91
77 94
77 95
77 98
77 99
77 101
77 106
77 107
77 108
77 109
77 110
77 111
77 112
77 119
77 124
77 127
77 129
77 137
77 139
77 144
77 146
77 148
77 150
77 151
77 153
77 155
77 158
77 159
77 161
77 162
77 163
77 164
77 165
77 166
77 168
77 171
77 172
77 173
77 174
77 175
77 176
77 177
77 178
77 179
77 180
77 181
77 182
77 183
77 184
77 452
77 520
78 6
78 79
78 81
78 82
78 88
78 89
78 95
78 98
78 99
78 101
78 103
78 104
78 105
78 106
78 108
78 110
78 113
78 114
78 115
78 119
78 121
78 126
78 127
78 129
78 134
78 135
78 136
78 137
78 139
78 143
78 146
78 147
78 148
78 149
78 151
78 154
78 156
78 158
78 159
78 161
78 162
78 168
78 169
78 170
78 171
78 172
78 173
78 175
78 176
78 180
78 185
78 191
78 192
78 193
78 195
78 198
79 83
79 86
79 88
79 89
79 92
79 93
79 94
79 98
79 103
79 104
79 105
79 106
79 109
79 111
79 111
79 114
79 118
79 120
79 122
79 124
79 126
79 130
79 133
79 134
79 135
79 137
79 138
79 144
79 145
79 146
79 147
79 150
79 152
79 153
79 158
79 159
79 160
79 163
79 164
79 166
79 168
79 169
79 172
79 176
79 179
79 180
79 184
79 190
79 191
79 192
79 194
79 195
79 198
79 201
79 202
79 203
80 36
80 81
80 82
80 83
80 84
80 86
80 88
80 89
80 90
80 94
80 97
80 99
80 101
80 102
80 104
80 105
80 106
80 109
80 110
80 111
80 113
80 114
80 116
80 117
80 125
80 126
80 127
80 128
80 130
80 131
80 137
80 141
80 142
80 147
80 149
80 150
80 151
80 153
80 154
80 156
80 157
80 160
80 163
80 166
80 167
80 173
80 175
80 176
80 178
80 180
80 182
80 183
80 186
80 188
80 189
80 193
80 194
80 301
81 82
81 84
81 86
81 87
81 89
81 90
81 92
81 93
81 94
81 95
81 96
81 98
81 100
81 103
81 104
81 105
81 108
81 109
81 111
81 112
81 113
81 114
81 117
81 118
81 122
81 122
81 126
81 127
81 128
81 129
81 132
81 134
81 136
81 137
81 139
81 140
81 142
81 143
81 144
81 145
81 146
81 150
81 151
81 156
81 157
81 158
81 159
81 160
81 161
81 166
81 168
81 171
81 172
81 173
81 176
81 178
82 32
82 84
82 86
82 87
82 88
82 94
82 97
82 99
82 102
82 103
82 104
82 105
82 112
82 115
82 119
82 120
82 122
82 123
82 125
82 127
82 129
82 131
82 134
82 136
82 137
82 139
82 140
82 142
82 143
82 144
82 146
82 148
82 149
82 150
82 154
82 155
82 156
82 157
82 158
82 159
82 160
82 162
82 164
82 165
82 172
82 173
82 176
82 177
82 179
82 181
82 182
82 184
82 188
82 190
82 193
82 196
82 318
82 361
82 433
82 462
82 498
83 84
83 88
83 90
83 92
83 93
83 95
83 96
83 98
83 99
83 101
83 103
83 104
83 105
83 108
83 109
83 110
83 112
83 113
83 114
83 118
83 119
83 120
83 122
83 124
83 125
83 126
83 128
83 129
83 130
83 134
83 136
83 137
83 138
83 142
83 144
83 145
83 146
83 147
83 148
83 150
83 155
83 156
83 158
83 161
83 162
83 163
83 165
83 171
83 172
83 173
83 174
83 175
83 176
83 179
83 181
84 85
84 87
84 88
84 89
84 90
84 91
84 92
84 93
84 94
84 95
84 96
84 99
84 103
84 104
84 105
84 106
84 114
84 115
84 117
84 118
84 119
84 120
84 121
84 124
84 125
84 126
84 128
84 129
84 130
84 132
84 133
84 135
84 139
84 140
84 141
84 142
84 144
84 146
84 147
84 149
84 150
84 152
84 154
84 156
84 158
84 159
84 163
84 164
84 167
84 169
84 171
84 172
84 174
84 176
84 178
84 180
85 86
85 87
85 88
85 92
85 94
85 96
85 98
85 102
85 103
85 105
85 108
85 112
85 117
85 118
85 119
85 120
85 124
85 125
85 128
85 129
85 131
85 132
85 140
85 141
85 144
85 146
85 147
85 149
85 156
85 157
85 161
85 162
85 166
85 167
85 168
85 169
85 170
85 172
85 174
85 175
85 176
85 177
85 178
85 179
85 183
85 184
85 185
85 188
85 189
85 192
85 194
85 202
85 203
85 204
85 209
85 281
86 92
86 93
86 94
86 96
86 97
86 99
86 104
86 106
86 109
86 110
86 113
86 114
86 115
86 117
86 122
86 123
86 124
86 128
86 130
86 132
86 134
86 136
86 139
86 140
86 147
86 148
86 151
86 153
86 155
86 157
86 162
86 164
86 167
86 168
86 172
86 173
86 174
86 176
86 179
86 182
86 183
86 184
86 185
86 187
86 188
86 189
86 190
86 191
86 195
86 196
86 198
86 199
86 205
86 208
86 212
86 567
87 89
87 91
87 94
87 95
87 96
87 97
87 98
87 99
87 101
87 104
87 105
87 106
87 109
87 112
87 113
87 117
87 118
87 122
87 124
87 126
87 127
87 131
87 134
87 138
87 140
87 142
87 143
87 152
87 153
87 155
87 157
87 159
87 163
87 167
87 168
87 170
87 171
87 172
87 174
87 175
87 177
87 179
87 180
87 183
87 186
87 187
87 188
87 189
87 190
87 192
87 193
87 194
87 197
87 198
87 199
88 89
88 91
88 92
88 95
88 101
88 105
88 112
88 117
88 119
88 120
88 121
88 123
88 124
88 125
88 126
88 129
88 131
88 132
88 134
88 135
88 136
88 137
88 139
88 140
88 142
88 144
88 146
88 147
88 149
88 151
88 152
88 153
88 154
88 156
88 160
88 161
88 162
88 163
88 164
88 169
88 171
88 172
88 173
88 178
88 180
88 181
88 184
88 188
88 189
88 192
88 193
88 196
88 199
88 201
88 202
88 206
89 11
89 90
89 94
89 96
89 98
89 99
89 100
89 101
89 102
89 104
89 107
89 109
89 111
89 113
89 114
89 121
89 123
89 124
89 125
89 128
89 130
89 131
89 134
89 135
89 138
89 139
89 141
89 142
89 146
89 148
89 149
89 150
89 153
89 155
89 158
89 161
89 162
89 163
89 165
89 167
89 169
89 170
89 171
89 175
89 176
89 177
89 180
89 182
89 183
89 186
89 187
89 188
89 189
89 190
89 191
89 194
89 511
90 97
90 100
90 102
90 104
90 105
90 106
90 107
90 109
90 110
90 111
90 112
90 113
90 115
90 116
90 120
90 121
90 124
90 125
90 130
90 131
90 132
90 133
90 135
90 138
90 139
90 142
90 143
90 144
90 145
90 148
90 152
90 154
90 155
90 156
90 161
90 163
90 164
90 166
90 167
90 168
90 169
90 170
90 171
90 172
90 173
90 174
90 175
90 177
90 181
90 184
90 186
90 189
90 191
90 192
90 195
90 201
90 358
91 92
91 93
91 96
91 97
91 98
91 99
91 100
91 101
91 104
91 105
91 106
91 108
91 109
91 112
91 113
91 114
91 115
91 115
91 116
91 118
91 119
91 121
91 122
91 123
91 125
91 126
91 128
91 129
91 132
91 135
91 136
91 137
91 138
91 139
91 140
91 145
91 147
91 148
91 151
91 152
91 153
91 154
91 156
91 162
91 164
91 165
91 166
91 167
91 168
91 169
91 171
91 173
91 176
91 178
91 179
91 182
91 387
92 93
92 94
92 97
92 99
92 103
92 104
92 106
92 107
92 108
92 110
92 113
92 114
92 118
92 122
92 127
92 129
92 133
92 134
92 135
92 138
92 139
92 141
92 142
92 144
92 145
92 146
92 147
92 148
92 149
92 151
92 152
92 153
92 160
92 161
92 163
92 164
92 165
92 166
92 167
92 169
92 170
92 172
92 175
92 178
92 181
92 185
92 187
92 188
92 194
92 195
92 197
92 199
92 201
92 202
92 203
92 416
93 95
93 98
93 100
93 103
93 107
93 109
93 110
93 111
93 114
93 115
93 118
93 119
93 123
93 125
93 126
93 135
93 137
93 138
93 139
93 140
93 142
93 143
93 147
93 155
93 160
93 163
93 163
93 165
93 168
93 169
93 170
93 171
93 172
93 175
93 179
93 190
93 191
93 192
93 194
93 196
93 198
93 201
93 202
93 204
93 205
93 206
93 207
93 209
93 210
93 213
93 214
93 215
93 217
93 218
93 219
93 220
93 316
94 95
94 100
94 102
94 104
94 105
94 106
94 108
94 110
94 111
94 112
94 116
94 118
94 119
94 120
94 121
94 123
94 125
94 126
94 127
94 128
94 130
94 131
94 135
94 136
94 137
94 140
94 141
94 142
94 143
94 147
94 148
94 155
94 157
94 158
94 161
94 164
94 165
94 166
94 174
94 175
94 178
94 179
94 180
94 183
94 184
94 186
94 187
94 188
94 194
94 195
94 199
94 202
94 203
94 205
94 206
94 301
94 435
94 508
95 96
95 99
95 100
95 101
95 105
95 106
95 107
95 108
95 109
95 110
95 111
95 113
95 117
95 121
95 122
95 123
95 124
95 125
95 126
95 128
95 132
95 134
95 136
95 137
95 138
95 140
95 143
95 145
95 146
95 147
95 149
95 153
95 154
95 156
95 158
95 163
95 164
95 166
95 167
95 169
95 172
95 173
95 174
95 175
95 177
95 178
95 182
95 184
95 188
95 189
95 192
95 195
95 197
95 200
95 203
95 536
96 97
96 98
96 99
96 101
96 105
96 106
96 107
96 108
96 110
96 111
96 112
96 113
96 115
96 116
96 118
96 121
96 122
96 123
96 126
96 128
96 130
96 133
96 136
96 137
96 139
96 142
96 145
96 146
96 147
96 148
96 152
96 154
96 155
96 157
96 160
96 161
96 162
96 167
96 168
96 170
96 171
96 174
96 176
96 177
96 178
96 179
96 180
96 181
96 187
96 191
96 192
96 193
96 194
96 196
96 198
97 98
97 100
97 104
97 105
97 106
97 108
97 109
97 111
97 112
97 113
97 116
97 117
97 119
97 120
97 122
97 123
97 125
97 127
97 128
97 130
97 132
97 133
97 135
97 139
97 142
97 144
97 146
97 147
97 150
97 154
97 157
97 158
97 159
97 160
97 161
97 165
97 168
97 169
97 170
97 172
97 174
97 176
97 178
97 182
97 184
97 185
97 186
97 187
97 188
97 191
97 192
97 193
97 199
97 202
97 206
98 99
98 101
98 102
98 104
98 108
98 113
98 116
98 117
98 120
98 121
98 123
98 124
98 126
98 127
98 128
98 129
98 130
98 134
98 135
98 138
98 141
98 142
98 145
98 148
98 149
98 152
98 154
98 155
98 158
98 159
98 161
98 162
98 163
98 164
98 167
98 168
98 171
98 173
98 175
98 178
98 179
98 180
98 185
98 186
98 188
98 189
98 190
98 192
98 196
98 197
98 199
98 201
98 203
98 205
98 206
99 100
99 101
99 106
99 107
99 109
99 110
99 112
99 114
99 115
99 124
99 127
99 130
99 132
99 134
99 136
99 137
99 138
99 139
99 140
99 141
99 147
99 148
99 150
99 153
99 155
99 163
99 164
99 168
99 171
99 172
99 175
99 177
99 179
99 183
99 185
99 186
99 187
99 188
99 191
99 192
99 194
99 199
99 203
99 206
99 209
99 211
99 212
99 215
99 217
99 220
99 221
99 222
99 223
99 226
99 227
99 328
99 537
100 101
100 106
100 108
100 110
100 112
100 113
100 114
100 116
100 119
100 120
100 121
100 122
100 125
100 129
100 133
100 134
100 138
100 140
100 141
100 142
100 143
100 146
100 148
100 149
100 150
100 151
100 152
100 153
100 156
100 157
100 158
100 159
100 160
100 161
100 162
100 163
100 164
100 165
100 170
100 172
100 177
100 178
100 179
100 186
100 188
100 190
100 192
100 193
100 194
100 195
100 196
100 197
100 198
100 201
100 202
101 103
101 104
101 105
101 108
101 111
101 115
101 116
101 117
101 118
101 123
101 124
101 127
101 130
101 131
101 132
101 134
101 135
101 137
101 138
101 139
101 140
101 141
101 144
101 145
101 147
101 149
101 152
101 154
101 157
101 158
101 159
101 162
101 163
101 164
101 165
101 167
101 168
101 170
101 171
101 173
101 176
101 177
101 179
101 182
101 183
101 184
101 185
101 187
101 190
101 192
101 195
101 202
101 203
101 204
101 205
101 377
102 104
102 106
102 107
102 109
102 110
102 111
102 114
102 115
102 116
102 117
102 118
102 121
102 122
102 123
102 124
102 126
102 127
102 131
102 134
102 139
102 140
102 142
102 145
102 148
102 149
102 150
102 151
102 152
102 153
102 154
102 161
102 162
102 163
102 164
102 166
102 167
102 168
102 174
102 175
102 176
102 178
102 182
102 183
102 184
102 185
102 187
102 188
102 189
102 193
102 198
102 200
102 205
102 206
102 207
102 209
102 266
103 104
103 107
103 108
103 110
103 112
103 114
103 116
103 117
103 118
103 120
103 122
103 123
103 124
103 129
103 130
103 133
103 134
103 137
103 140
103 141
103 142
103 143
103 144
103 146
103 150
103 153
103 154
103 167
103 173
103 175
103 177
103 182
103 185
103 186
103 187
103 190
103 196
103 199
103 200
103 202
103 204
103 205
103 207
103 209
103 210
103 213
103 217
103 219
103 221
103 222
103 223
103 225
103 226
103 227
103 230
103 355
104 106
104 108
104 109
104 111
104 112
104 113
104 115
104 116
104 117
104 118
104 124
104 131
104 139
104 140
104 142
104 144
104 146
104 147
104 148
104 155
104 159
104 161
104 162
104 164
104 166
104 167
104 168
104 169
104 170
104 172
104 173
104 174
104 175
104 176
104 178
104 182
104 184
104 186
104 188
104 189
104 190
104 192
104 197
104 198
104 201
104 202
104 203
104 204
104 205
104 208
104 209
104 210
104 212
104 216
104 220
104 389
104 453
105 106
105 107
105 109
105 110
105 115
105 116
105 117
105 118
105 122
105 126
105 128
105 129
105 134
105 137
105 138
105 139
105 140
105 141
105 142
105 143
105 147
105 148
105 150
105 152
105 158
105 161
105 162
105 165
105 166
105 167
105 170
105 171
105 172
105 173
105 175
105 176
105 177
105 178
105 179
105 180
105 181
105 182
105 183
105 184
105 185
105 186
105 187
105 189
105 190
105 193
105 196
105 197
105 199
105 203
105 206
105 222
105 245
105 538
106 27
106 107
106 108
106 114
106 115
106 116
106 117
106 119
106 121
106 122
106 128
106 131
106 134
106 139
106 142
106 143
106 146
106 153
106 154
106 156
106 157
106 162
106 167
106 168
106 170
106 172
106 177
106 178
106 179
106 181
106 184
106 185
106 186
106 189
106 190
106 191
106 192
106 193
106 196
106 200
106 202
106 203
106 205
106 207
106 208
106 212
106 214
106 216
106 222
106 224
106 226
106 227
106 229
106 230
106 231
106 233
106 331
107 108
107 110
107 114
107 115
107 118
107 119
107 121
107 122
107 123
107 126
107 127
107 128
107 129
107 130
107 131
107 133
107 134
107 135
107 136
107 137
107 140
107 143
107 146
107 148
107 150
107 151
107 153
107 154
107 157
107 158
107 163
107 164
107 166
107 168
107 171
107 173
107 174
107 180
107 182
107 183
107 184
107 185
107 187
107 188
107 190
107 192
107 198
107 199
107 201
107 202
107 203
107 205
107 206
107 211
107 213
108 86
108 109
108 112
108 113
108 116
108 117
108 119
108 120
108 121
108 122
108 123
108 126
108 128
108 129
108 130
108 132
108 133
108 134
108 135
108 136
108 139
108 144
108 146
108 150
108 152
108 155
108 156
108 158
108 159
108 160
108 161
108 162
108 165
108 168
108 169
108 172
108 175
108 179
108 183
108 184
108 186
108 188
108 189
108 191
108 193
108 194
108 195
108 196
108 197
108 199
108 201
108 202
108 203
108 205
108 207
108 210
109 112
109 114
109 120
109 121
109 122
109 123
109 127
109 128
109 129
109 131
109 132
109 133
109 138
109 140
109 142
109 143
109 146
109 148
109 149
109 150
109 152
109 153
109 155
109 156
109 157
109 158
109 159
109 160
109 162
109 166
109 167
109 168
109 169
109 170
109 172
109 173
109 175
109 176
109 179
109 180
109 182
109 183
109 184
109 187
109 188
109 193
109 194
109 196
109 198
109 201
109 205
109 209
109 212
109 213
109 214
110 111
110 112
110 113
110 114
110 117
110 119
110 120
110 121
110 122
110 123
110 125
110 130
110 131
110 133
110 135
110 136
110 137
110 142
110 143
110 146
110 148
110 150
110 152
110 153
110 154
110 155
110 157
110 159
110 160
110 161
110 163
110 165
110 167
110 169
110 170
110 171
110 173
110 174
110 178
110 180
110 182
110 186
110 187
110 189
110 190
110 192
110 193
110 195
110 198
110 201
110 203
110 206
110 208
110 209
110 213
110 432
111 113
111 115
111 117
111 120
111 121
111 123
111 124
111 127
111 128
111 129
111 133
111 135
111 136
111 137
111 142
111 146
111 147
111 150
111 152
111 153
111 154
111 156
111 158
111 160
111 165
111 166
111 170
111 171
111 172
111 173
111 174
111 175
111 176
111 179
111 181
111 182
111 184
111 185
111 188
111 189
111 192
111 197
111 207
111 208
111 209
111 211
111 212
111 214
111 215
111 217
111 218
111 221
111 223
111 228
111 230
112 113
112 114
112 118
112 119
112 120
112 121
112 122
112 126
112 127
112 129
112 130
112 131
112 132
112 135
112 137
112 138
112 139
112 141
112 143
112 146
112 148
112 149
112 152
112 154
112 158
112 160
112 161
112 162
112 165
112 172
112 174
112 180
112 181
112 182
112 185
112 186
112 187
112 192
112 193
112 194
112 195
112 198
112 200
112 202
112 203
112 204
112 207
112 208
112 209
112 210
112 211
112 213
112 214
112 215
112 216
112 217
112 403
112 429
112 529
113 115
113 118
113 121
113 122
113 127
113 129
113 130
113 136
113 140
113 143
113 144
113 146
113 147
113 149
113 150
113 152
113 157
113 160
113 161
113 162
113 163
113 164
113 165
113 166
113 168
113 170
113 171
113 172
113 174
113 175
113 176
113 179
113 180
113 181
113 182
113 191
113 194
113 195
113 201
113 204
113 205
113 206
113 208
113 209
113 213
113 215
113 218
113 220
113 229
113 233
113 234
113 236
113 238
113 241
113 242
114 115
114 117
114 119
114 124
114 126
114 128
114 129
114 131
114 132
114 133
114 141
114 142
114 143
114 144
114 146
114 155
114 157
114 160
114 161
114 163
114 164
114 167
114 168
114 171
114 172
114 178
114 180
114 181
114 182
114 186
114 188
114 197
114 198
114 200
114 201
114 202
114 203
114 207
114 210
114 211
114 213
114 214
114 215
114 217
114 219
114 225
114 226
114 229
114 230
114 231
114 232
114 233
114 234
114 236
114 237
115 116
115 123
115 124
115 125
115 127
115 128
115 129
115 130
115 133
115 134
115 139
115 145
115 151
115 152
115 154
115 156
115 158
115 159
115 160
115 162
115 163
115 164
115 165
115 166
115 168
115 169
115 170
115 171
115 173
115 174
115 177
115 178
115 179
115 182
115 183
115 184
115 185
115 186
115 187
115 188
115 191
115 193
115 194
115 196
115 197
115 199
115 201
115 202
115 205
115 206
115 210
115 211
115 212
115 215
115 216
116 117
116 118
116 119
116 120
116 121
116 123
116 124
116 125
116 133
116 134
116 135
116 137
116 142
116 142
116 146
116 147
116 148
116 149
116 150
116 151
116 152
116 153
116 154
116 155
116 156
116 158
116 161
116 162
116 163
116 164
116 167
116 169
116 171
116 173
116 174
116 175
116 177
116 178
116 182
116 183
116 190
116 191
116 192
116 193
116 194
116 196
116 198
116 199
116 200
116 201
116 203
116 205
116 206
116 207
116 209
116 210
117 118
117 124
117 129
117 130
117 132
117 133
117 134
117 136
117 141
117 142
117 145
117 146
117 147
117 148
117 149
117 151
117 157
117 160
117 162
117 163
117 165
117 166
117 169
117 170
117 171
117 174
117 176
117 177
117 180
117 182
117 183
117 184
117 185
117 187
117 188
117 190
117 192
117 194
117 196
117 197
117 198
117 199
117 201
117 202
117 204
117 206
117 207
117 208
117 210
117 211
117 212
117 213
117 215
117 216
117 220
118 120
118 121
118 122
118 123
118 125
118 126
118 130
118 132
118 133
118 134
118 135
118 136
118 137
118 140
118 141
118 143
118 144
118 145
118 147
118 148
118 150
118 152
118 154
118 155
118 157
118 159
118 160
118 161
118 165
118 167
118 171
118 172
118 173
118 174
118 177
118 178
118 180
118 181
118 182
118 190
118 193
118 195
118 196
118 197
118 199
118 202
118 208
118 209
118 210
118 212
118 214
118 218
118 219
118 220
118 221
118 244
118 391
119 120
119 122
119 123
119 124
119 125
119 126
119 127
119 128
119 129
119 131
119 132
119 135
119 136
119 137
119 138
119 139
119 141
119 142
119 143
119 144
119 146
119 151
119 152
119 156
119 157
119 158
119 159
119 160
119 161
119 168
119 170
119 173
119 177
119 179
119 181
119 182
119 183
119 185
119 188
119 190
119 191
119 193
119 194
119 195
119 196
119 201
119 202
119 203
119 205
119 206
119 207
119 208
119 209
119 211
119 212
119 502
120 2
120 121
120 124
120 134
120 136
120 137
120 138
120 140
120 144
120 145
120 146
120 150
120 152
120 156
120 157
120 161
120 163
120 164
120 165
120 166
120 167
120 170
120 171
120 177
120 178
120 179
120 180
120 181
120 182
120 185
120 188
120 190
120 192
120 193
120 197
120 198
120 201
120 202
120 204
120 208
120 209
120 211
120 212
120 213
120 215
120 222
120 227
120 228
120 230
120 233
120 234
120 235
120 236
120 237
120 242
120 243
121 123
121 124
121 126
121 127
121 133
121 135
121 136
121 137
121 139
121 140
121 141
121 142
121 143
121 145
121 146
121 148
121 149
121 150
121 153
121 155
121 156
121 157
121 159
121 160
121 163
121 164
121 165
121 167
121 171
121 173
121 177
121 178
121 179
121 180
121 181
121 183
121 185
121 186
121 193
121 197
121 201
121 206
121 210
121 211
121 213
121 214
121 216
121 218
121 219
121 220
121 221
121 222
121 225
121 227
121 229
121 266
122 12
122 124
122 126
122 128
122 132
122 133
122 134
122 139
122 140
122 147
122 148
122 149
122 151
122 153
122 154
122 155
122 156
122 157
122 160
122 161
122 166
122 168
122 169
122 170
122 173
122 177
122 180
122 182
122 183
122 185
122 188
122 190
122 193
122 196
122 198
122 199
122 200
122 201
122 203
122 205
122 206
122 210
122 212
122 213
122 214
122 215
122 216
122 220
122 223
122 224
122 225
122 230
122 235
122 236
122 238
122 239
122 459
123 80
123 124
123 125
123 126
123 127
123 129
123 132
123 134
123 135
123 136
123 138
123 140
123 144
123 145
123 146
123 148
123 150
123 152
123 153
123 154
123 156
123 162
123 165
123 166
123 167
123 168
123 169
123 171
123 172
123 175
123 177
123 178
123 179
123 180
123 181
123 182
123 184
123 186
123 189
123 192
123 193
123 194
123 195
123 197
123 199
123 202
123 203
123 204
123 205
123 208
123 211
123 212
123 213
123 216
123 218
123 220
124 119
124 127
124 128
124 129
124 131
124 132
124 133
124 135
124 137
124 138
124 141
124 142
124 145
124 147
124 148
124 151
124 152
124 153
124 157
124 159
124 161
124 163
124 164
124 165
124 166
124 168
124 172
124 174
124 175
124 179
124 181
124 183
124 184
124 185
124 186
124 187
124 188
124 192
124 194
124 196
124 199
124 202
124 207
124 209
124 210
124 211
124 212
124 215
124 219
124 221
124 225
124 226
124 230
124 232
124 233
124 234
124 237
125 127
125 128
125 129
125 136
125 143
125 144
125 145
125 147
125 148
125 154
125 156
125 158
125 163
125 165
125 168
125 171
125 173
125 176
125 177
125 178
125 179
125 182
125 183
125 187
125 192
125 193
125 199
125 201
125 202
125 204
125 206
125 207
125 210
125 211
125 213
125 216
125 217
125 221
125 222
125 223
125 225
125 227
125 229
125 230
125 232
125 236
125 238
125 239
125 247
125 248
125 251
125 255
125 256
125 257
125 258
125 581
126 53
126 57
126 127
126 128
126 129
126 130
126 132
126 133
126 135
126 136
126 137
126 139
126 141
126 144
126 145
126 146
126 147
126 148
126 149
126 150
126 152
126 153
126 154
126 161
126 163
126 165
126 166
126 167
126 171
126 172
126 175
126 176
126 177
126 178
126 179
126 180
126 181
126 184
126 188
126 189
126 190
126 191
126 193
126 199
126 201
126 202
126 205
126 209
126 211
126 212
126 213
126 218
126 221
126 222
126 224
126 225
126 226
127 129
127 130
127 134
127 137
127 139
127 142
127 145
127 147
127 149
127 150
127 151
127 152
127 154
127 156
127 157
127 158
127 159
127 160
127 161
127 165
127 167
127 169
127 172
127 174
127 178
127 181
127 184
127 185
127 187
127 188
127 190
127 191
127 192
127 193
127 195
127 196
127 200
127 202
127 203
127 204
127 206
127 208
127 213
127 214
127 218
127 220
127 221
127 222
127 223
127 224
127 226
127 227
127 229
127 230
127 231
127 272
127 484
128 130
128 132
128 135
128 138
128 139
128 141
128 144
128 146
128 147
128 148
128 149
128 151
128 152
128 156
128 157
128 159
128 164
128 165
128 166
128 171
128 172
128 175
128 176
128 177
128 179
128 180
128 181
128 182
128 187
128 189
128 190
128 193
128 194
128 197
128 199
128 202
128 204
128 205
128 208
128 209
128 210
128 214
128 215
128 216
128 218
128 219
128 220
128 221
128 222
128 224
128 225
128 226
128 227
128 228
128 228
128 232
128 308
128 335
128 494
129 51
129 98
129 131
129 133
129 135
129 136
129 137
129 138
129 141
129 143
129 148
129 149
129 152
129 153
129 157
129 159
129 161
129 166
129 167
129 169
129 178
129 179
129 181
129 184
129 186
129 189
129 197
129 198
129 199
129 200
129 201
129 205
129 209
129 212
129 213
129 214
129 216
129 219
129 221
129 222
129 227
129 228
129 229
129 230
129 232
129 233
129 234
129 236
129 241
129 242
129 243
129 244
129 246
129 247
129 252
129 255
129 256
129 440
130 131
130 133
130 134
130 136
130 142
130 144
130 145
130 146
130 148
130 149
130 150
130 151
130 157
130 159
130 162
130 163
130 164
130 165
130 167
130 170
130 174
130 175
130 176
130 177
130 178
130 179
130 181
130 182
130 184
130 185
130 187
130 195
130 196
130 197
130 198
130 199
130 201
130 203
130 208
130 209
130 215
130 217
130 218
130 222
130 225
130 227
130 228
130 231
130 232
130 233
130 235
130 237
130 238
130 243
130 247
130 571
131 133
131 134
131 136
131 137
131 139
131 140
131 142
131 143
131 146
131 149
131 150
131 153
131 154
131 157
131 158
131 160
131 164
131 165
131 166
131 170
131 171
131 172
131 174
131 175
131 177
131 178
131 179
131 180
131 183
131 184
131 185
131 186
131 188
131 190
131 191
131 192
131 193
131 195
131 196
131 198
131 200
131 201
131 202
131 203
131 205
131 207
131 210
131 211
131 212
131 217
131 219
131 220
131 223
131 224
131 225
132 133
132 134
132 135
132 136
132 137
132 138
132 139
132 148
132 153
132 154
132 155
132 156
132 157
132 159
132 160
132 165
132 167
132 168
132 169
132 170
132 171
132 172
132 173
132 177
132 181
132 182
132 184
132 189
132 193
132 197
132 198
132 201
132 201
132 203
132 206
132 207
132 209
132 210
132 212
132 214
132 216
132 218
132 220
132 221
132 225
132 226
132 228
132 229
132 231
132 233
132 234
132 235
132 238
132 239
132 242
132 244
133 78
133 136
133 137
133 138
133 141
133 143
133 144
133 145
133 147
133 151
133 154
133 155
133 157
133 158
133 159
133 160
133 161
133 166
133 167
133 168
133 170
133 172
133 173
133 176
133 177
133 181
133 182
133 184
133 186
133 188
133 192
133 194
133 196
133 201
133 202
133 203
133 204
133 207
133 207
133 208
133 210
133 211
133 213
133 214
133 215
133 218
133 219
133 221
133 224
133 225
133 226
133 230
133 231
133 232
133 235
133 237
133 239
134 41
134 141
134 142
134 145
134 150
134 152
134 153
134 155
134 157
134 160
134 163
134 164
134 165
134 166
134 168
134 169
134 170
134 176
134 177
134 179
134 181
134 184
134 185
134 190
134 193
134 195
134 197
134 198
134 200
134 201
134 203
134 205
134 206
134 209
134 210
134 211
134 212
134 213
134 214
134 216
134 218
134 219
134 220
134 221
134 222
134 223
134 225
134 229
134 233
134 234
134 237
134 238
134 241
134 244
134 249
134 252
134 495
134 547
135 75
135 96
135 138
135 139
135 140
135 143
135 148
135 149
135 150
135 152
135 153
135 155
135 158
135 160
135 163
135 165
135 166
135 169
135 170
135 171
135 172
135 174
135 175
135 176
135 177
135 178
135 179
135 184
135 186
135 189
135 190
135 193
135 194
135 197
135 198
135 199
135 201
135 203
135 206
135 207
135 210
135 211
135 212
135 214
135 221
135 222
135 224
135 230
135 232
135 233
135 239
135 240
135 242
135 245
135 247
135 250
135 251
136 15
136 46
136 55
136 137
136 138
136 140
136 141
136 142
136 143
136 147
136 148
136 151
136 152
136 155
136 156
136 157
136 158
136 159
136 160
136 161
136 162
136 163
136 166
136 168
136 169
136 170
136 172
136 174
136 176
136 178
136 179
136 184
136 186
136 187
136 189
136 191
136 195
136 196
136 201
136 205
136 206
136 208
136 211
136 215
136 218
136 222
136 224
136 225
136 226
136 227
136 229
136 238
136 239
136 242
136 243
136 244
136 245
136 246
136 248
136 253
136 253
136 255
136 295
136 468
137 138
137 141
137 142
137 143
137 144
137 148
137 149
137 150
137 157
137 158
137 165
137 168
137 170
137 171
137 172
137 173
137 175
137 179
137 180
137 183
137 184
137 185
137 190
137 196
137 197
137 197
137 199
137 201
137 202
137 203
137 207
137 211
137 212
137 213
137 216
137 219
137 222
137 224
137 231
137 232
137 233
137 235
137 236
137 237
137 241
137 242
137 245
137 248
137 254
137 255
137 260
137 261
137 264
137 266
137 267
137 268
137 269
137 388
137 553
138 139
138 140
138 141
138 143
138 151
138 152
138 153
138 154
138 156
138 157
138 158
138 162
138 163
138 164
138 167
138 171
138 172
138 173
138 174
138 176
138 177
138 180
138 181
138 184
138 185
138 186
138 188
138 190
138 193
138 199
138 200
138 203
138 204
138 205
138 207
138 209
138 210
138 218
138 219
138 220
138 221
138 227
138 229
138 230
138 231
138 233
138 236
138 237
138 239
138 242
138 243
138 246
138 248
138 252
138 254
138 570
138 577
139 140
139 145
139 146
139 147
139 148
139 150
139 151
139 153
139 154
139 156
139 157
139 158
139 161
139 163
139 168
139 171
139 173
139 174
139 175
139 176
139 181
139 182
139 183
139 184
139 186
139 188
139 191
139 193
139 194
139 199
139 201
139 202
139 205
139 206
139 210
139 211
139 213
139 214
139 218
139 221
139 222
139 223
139 224
139 224
139 225
139 226
139 227
139 228
139 229
139 230
139 233
139 236
139 237
139 239
139 242
139 243
140 602
141 16
141 321
142 93
142 353
142 488
143 291
143 551
144 4
144 44
146 348
146 465
147 227
149 175
149 210
150 573
151 506
152 459
153 140
153 326
154 145
154 489
156 201
156 369
157 377
158 28
158 196
158 258
158 298
158 539
158 588
160 373
160 412
160 441
161 357
161 417
162 433
164 73
165 405
165 476
165 579
165 589
166 293
167 434
167 473
168 149
168 371
169 125
169 492
170 67
170 182
170 183
170 533
171 120
171 335
171 458
171 575
172 232
172 500
174 39
175 202
176 97
177 289
177 312
177 322
177 543
178 293
178 385
178 411
178 485
178 600
181 283
182 56
183 110
184 60
184 128
184 162
184 554
185 69
187 479
188 570
190 98
190 436
191 95
191 209
191 576
192 19
192 313
192 477
192 589
193 55
193 251
193 497
193 595
194 510
195 376
196 141
196 191
196 218
196 327
197 118
197 329
199 316
199 392
199 468
200 146
200 439
200 449
200 504
200 590
204 1
204 130
204 169
205 363
205 381
205 424
205 445
205 541
206 22
206 416
206 491
208 184
209 496
213 178
215 367
216 328
218 108
218 165
218 310
218 353
218 374
218 501
219 211
220 188
221 162
222 69
222 142
222 291
222 336
222 552
224 470
225 340
226 198
227 66
227 225
229 189
229 523
230 88
230 103
230 302
231 17
231 125
232 368
233 117
234 8
234 581
235 101
235 210
235 386
237 90
237 350
237 483
239 261
239 548
240 226
240 521
240 556
240 594
241 324
241 536
242 238
243 192
243 430
245 339
245 522
246 288
246 413
247 37
247 480
248 104
248 240
249 59
250 87
250 144
250 169
250 188
250 203
252 338
254 603
255 114
256 174
256 454
256 524
257 525
258 248
259 215
259 566
260 300
261 267
261 466
262 490
262 571
264 59
264 426
265 35
265 320
265 400
265 455
266 18
266 217
267 75
267 131
267 314
268 337
271 307
271 579
272 263
274 544
275 21
275 157
275 265
275 450
276 229
276 360
276 390
277 137
277 519
279 62
279 372
281 25
281 35
281 393
281 566
282 376
283 380
284 231
285 85
285 136
285 246
286 277
286 549
287 509
288 100
289 43
289 72
289 165
289 326
289 338
289 368
289 592
290 351
291 250
291 392
291 593
292 24
292 131
292 523
294 63
294 290
294 531
294 600
295 123
295 466
296 180
298 89
298 542
299 244
299 597
302 402
303 247
303 309
303 474
303 586
303 591
304 21
304 233
305 45
305 407
305 515
305 604
306 564
308 135
308 532
309 82
309 333
310 596
312 30
312 42
312 199
312 414
312 427
313 107
314 401
315 535
316 515
318 555
319 311
322 112
323 202
323 237
323 370
323 593
324 403
325 560
326 118
326 383
326 574
327 123
329 64
329 129
329 289
329 366
329 412
329 526
330 14
330 111
331 565
332 48
332 107
332 401
333 43
333 516
333 598
334 365
335 159
336 88
336 444
336 480
338 321
339 144
341 574
342 549
343 155
344 135
344 271
345 223
345 228
346 236
346 351
347 371
348 278
349 411
350 395
351 389
352 212
352 406
352 419
353 268
354 96
355 367
355 472
356 181
356 311
359 193
359 236
359 279
359 341
359 422
359 578
361 81
363 61
363 94
363 299
363 446
364 4
365 74
365 568
366 478
368 130
368 463
369 382
370 152
370 257
370 287
371 31
371 269
371 400
373 151
374 482
378 307
381 109
381 187
381 582
383 120
383 304
385 214
387 44
388 550
390 18
390 93
390 492
392 362
393 278
393 506
393 560
394 460
396 256
396 398
396 514
398 431
399 478
400 57
400 511
404 424
405 447
405 534
406 68
407 296
408 234
409 170
409 448
409 486
410 132
410 167
410 175
410 177
410 383
410 451
412 281
412 300
412 417
413 227
413 342
413 556
415 71
415 342
418 30
418 198
419 481
420 27
420 115
420 206
420 241
420 357
420 517
421 317
421 546
422 51
423 558
425 204
425 366
426 219
427 442
428 7
429 580
430 155
430 283
431 251
433 223
433 263
434 74
434 241
435 284
436 67
437 346
437 537
439 487
440 73
440 219
440 332
441 50
441 161
441 275
441 295
443 23
444 61
444 310
444 418
445 5
445 105
445 505
446 9
446 260
446 304
446 356
446 408
446 409
449 332
450 139
450 379
450 437
451 171
453 270
453 601
454 97
454 494
455 526
456 149
456 221
457 476
461 91
462 52
462 76
462 159
462 463
463 448
464 116
464 530
465 493
466 379
467 420
467 475
468 6
468 70
468 413
468 452
469 325
469 375
470 25
470 154
471 404
473 206
474 220
475 324
475 603
476 432
476 518
477 273
477 583
478 102
478 280
479 499
480 122
480 386
480 438
481 402
483 143
483 166
483 230
483 242
483 292
483 352
483 513
484 70
485 458
485 585
486 2
486 211
486 378
487 26
487 77
487 464
487 488
488 509
490 385
494 10
494 495
495 346
496 270
497 297
498 83
498 534
499 145
499 282
499 546
501 13
501 49
503 259
503 286
503 485
504 269
504 527
505 65
505 264
506 297
507 34
507 47
507 557
508 156
508 190
508 306
509 53
510 592
512 482
513 79
513 133
513 249
514 54
516 114
518 17
518 382
518 395
520 354
520 512
521 562
522 129
523 212
523 317
524 532
525 38
526 512
527 134
527 394
527 456
528 217
529 99
530 444
531 250
532 62
532 68
532 519
533 337
536 148
538 15
539 344
540 216
541 194
541 200
541 252
541 274
541 305
541 330
541 410
541 599
542 176
543 168
543 349
544 282
545 102
545 213
546 186
546 273
547 172
548 64
552 242
552 372
552 595
553 517
554 101
555 214
555 399
556 49
556 180
556 502
557 36
558 66
559 127
559 540
562 179
563 84
563 243
563 303
563 584
564 186
564 472
566 535
567 72
569 262
569 380
569 572
571 384
573 22
574 99
575 138
576 40
576 285
577 471
578 12
578 128
579 442
580 113
582 438
582 568
583 572
584 3
584 423
584 552
584 585
585 431
586 469
586 569
587 87
588 0
588 160
588 359
588 362
588 396
588 415
588 503
589 23
590 268
590 334
590 384
591 443
592 7
592 249
592 355
592 430
593 288
593 479
594 60
594 235
595 207
597 343
597 460
598 185
598 315
598 467
599 24
599 276
599 440
602 203
602 238
602 254
604 126
