nodes: 1063 edges: 5682
0 1
0 2
0 4
0 5
0 7
0 9
0 10
0 11
0 12
0 15
0 22
0 24
0 26
0 27
0 30
0 32
0 35
0 37
0 38
0 39
0 40
0 41
0 42
0 43
0 45
0 46
0 50
0 51
0 52
0 53
0 54
0 56
0 57
0 59
0 60
0 62
0 63
0 64
0 65
0 66
0 67
0 69
0 70
0 71
0 72
0 73
0 74
0 75
0 76
0 78
0 85
0 87
0 88
0 94
0 95
1 4
1 7
1 8
1 9
1 10
1 11
1 14
1 17
1 18
1 19
1 22
1 25
1 26
1 27
1 28
1 30
1 32
1 34
1 35
1 39
1 40
1 41
1 44
1 45
1 46
1 48
1 50
1 54
1 55
1 56
1 60
1 62
1 64
1 65
1 66
1 68
1 76
1 77
1 78
1 79
1 80
1 81
1 82
1 84
1 85
1 86
1 87
1 90
1 91
1 92
1 93
1 97
1 99
1 100
1 103
1 378
2 4
2 5
2 6
2 7
2 9
2 10
2 14
2 15
2 17
2 19
2 23
2 29
2 30
2 31
2 32
2 34
2 35
2 39
2 40
2 41
2 43
2 44
2 46
2 47
2 48
2 49
2 50
2 51
2 52
2 53
2 55
2 63
2 65
2 66
2 67
2 68
2 70
2 74
2 76
2 79
2 80
2 82
2 85
2 86
2 91
2 94
2 95
2 96
2 97
2 98
2 101
2 104
2 105
2 106
2 107
3 6
3 8
3 9
3 10
3 12
3 13
3 14
3 15
3 16
3 17
3 19
3 23
3 24
3 25
3 28
3 34
3 36
3 37
3 42
3 43
3 44
3 45
3 46
3 47
3 48
3 49
3 50
3 51
3 54
3 55
3 56
3 57
3 58
3 59
3 60
3 62
3 64
3 65
3 67
3 68
3 69
3 70
3 72
3 73
3 75
3 78
3 79
3 80
3 82
3 85
3 86
3 89
3 91
3 93
3 94
3 132
4 5
4 6
4 7
4 11
4 12
4 13
4 15
4 16
4 21
4 23
4 27
4 29
4 30
4 32
4 36
4 37
4 41
4 49
4 50
4 55
4 56
4 57
4 59
4 61
4 62
4 64
4 66
4 67
4 68
4 70
4 72
4 77
4 80
4 82
4 83
4 84
4 88
4 89
4 90
4 92
4 93
4 97
4 100
4 101
4 102
4 104
4 105
4 108
4 110
4 112
4 115
4 116
4 122
4 123
4 124
5 7
5 11
5 12
5 14
5 15
5 16
5 17
5 24
5 26
5 27
5 33
5 34
5 36
5 37
5 39
5 41
5 42
5 43
5 46
5 47
5 48
5 49
5 50
5 53
5 55
5 56
5 58
5 60
5 61
5 62
5 65
5 66
5 68
5 71
5 72
5 73
5 74
5 75
5 76
5 77
5 84
5 86
5 87
5 89
5 90
5 91
5 92
5 93
5 94
5 96
5 97
5 99
5 102
5 107
5 108
6 7
6 8
6 10
6 11
6 12
6 17
6 19
6 20
6 21
6 24
6 25
6 26
6 27
6 30
6 31
6 34
6 36
6 37
6 38
6 40
6 41
6 45
6 47
6 48
6 51
6 53
6 54
6 55
6 56
6 57
6 60
6 61
6 63
6 64
6 67
6 70
6 73
6 75
6 77
6 78
6 81
6 82
6 83
6 84
6 85
6 86
6 87
6 89
6 90
6 91
6 94
6 96
6 97
6 99
6 102
6 103
6 123
6 162
6 821
7 9
7 12
7 14
7 15
7 18
7 19
7 23
7 24
7 26
7 28
7 29
7 30
7 31
7 34
7 35
7 37
7 38
7 41
7 43
7 45
7 46
7 50
7 55
7 56
7 57
7 64
7 69
7 70
7 76
7 77
7 79
7 80
7 82
7 83
7 85
7 87
7 88
7 89
7 93
7 94
7 95
7 96
7 102
7 104
7 107
7 108
7 110
7 112
7 113
7 114
7 118
7 123
7 124
7 125
7 126
7 290
7 938
8 9
8 10
8 15
8 17
8 18
8 19
8 20
8 21
8 23
8 26
8 31
8 32
8 34
8 35
8 37
8 43
8 44
8 48
8 50
8 52
8 53
8 56
8 62
8 63
8 64
8 65
8 66
8 67
8 70
8 72
8 73
8 77
8 82
8 83
8 85
8 86
8 87
8 88
8 90
8 91
8 95
8 97
8 98
8 99
8 100
8 101
8 106
8 112
8 115
8 118
8 120
8 125
8 126
8 127
8 134
9 10
9 11
9 12
9 17
9 18
9 19
9 20
9 21
9 23
9 27
9 29
9 34
9 35
9 36
9 37
9 39
9 40
9 42
9 43
9 45
9 47
9 48
9 51
9 52
9 53
9 55
9 58
9 59
9 61
9 63
9 65
9 68
9 73
9 74
9 75
9 76
9 78
9 79
9 80
9 81
9 82
9 85
9 87
9 88
9 89
9 90
9 92
9 94
9 95
9 97
9 106
9 108
9 111
9 113
9 114
10 12
10 15
10 16
10 17
10 19
10 20
10 22
10 23
10 26
10 27
10 29
10 31
10 33
10 34
10 36
10 37
10 39
10 40
10 43
10 45
10 46
10 47
10 48
10 49
10 52
10 53
10 54
10 57
10 58
10 59
10 60
10 63
10 64
10 65
10 67
10 68
10 71
10 73
10 77
10 78
10 84
10 85
10 88
10 91
10 92
10 93
10 95
10 96
10 99
10 100
10 108
10 109
10 110
10 112
10 116
11 12
11 13
11 14
11 19
11 20
11 21
11 23
11 24
11 27
11 29
11 30
11 31
11 34
11 35
11 38
11 39
11 43
11 44
11 45
11 46
11 48
11 50
11 52
11 53
11 57
11 59
11 64
11 65
11 68
11 72
11 75
11 76
11 77
11 78
11 80
11 85
11 86
11 89
11 94
11 96
11 98
11 104
11 106
11 109
11 114
11 116
11 120
11 124
11 126
11 127
11 129
11 131
11 133
11 136
11 139
11 890
12 11
12 16
12 19
12 20
12 21
12 23
12 24
12 26
12 27
12 30
12 35
12 36
12 37
12 39
12 41
12 43
12 46
12 47
12 49
12 51
12 53
12 55
12 56
12 65
12 68
12 71
12 73
12 74
12 75
12 76
12 78
12 80
12 81
12 82
12 84
12 86
12 87
12 88
12 89
12 90
12 91
12 94
12 97
12 98
12 99
12 101
12 105
12 106
12 107
12 109
12 110
12 111
12 114
12 117
12 123
12 124
12 134
12 368
13 14
13 15
13 16
13 19
13 20
13 22
13 23
13 25
13 26
13 28
13 29
13 30
13 31
13 36
13 37
13 38
13 40
13 41
13 43
13 45
13 47
13 48
13 49
13 52
13 53
13 54
13 55
13 56
13 58
13 59
13 60
13 61
13 62
13 65
13 66
13 69
13 70
13 72
13 74
13 78
13 79
13 82
13 87
13 90
13 91
13 93
13 95
13 97
13 98
13 99
13 100
13 102
13 103
13 104
13 105
13 433
13 983
14 15
14 17
14 21
14 22
14 23
14 24
14 26
14 29
14 30
14 31
14 33
14 34
14 35
14 36
14 41
14 44
14 47
14 48
14 49
14 50
14 52
14 54
14 57
14 58
14 59
14 63
14 64
14 67
14 68
14 72
14 73
14 76
14 77
14 80
14 83
14 84
14 85
14 86
14 87
14 88
14 89
14 95
14 98
14 99
14 100
14 101
14 102
14 104
14 105
14 110
14 113
14 116
14 117
14 118
14 121
14 298
15 20
15 21
15 24
15 27
15 28
15 30
15 36
15 37
15 39
15 40
15 41
15 43
15 46
15 49
15 52
15 53
15 54
15 57
15 58
15 59
15 61
15 64
15 65
15 67
15 68
15 69
15 71
15 72
15 73
15 74
15 75
15 76
15 79
15 81
15 82
15 84
15 89
15 90
15 94
15 96
15 97
15 99
15 101
15 103
15 107
15 111
15 113
15 115
15 116
15 119
15 120
15 121
15 122
15 123
15 124
15 309
16 17
16 22
16 23
16 24
16 25
16 27
16 29
16 33
16 34
16 38
16 39
16 40
16 42
16 46
16 47
16 48
16 49
16 51
16 52
16 53
16 54
16 56
16 61
16 66
16 68
16 69
16 72
16 74
16 75
16 76
16 79
16 81
16 82
16 93
16 94
16 97
16 99
16 100
16 102
16 103
16 104
16 105
16 106
16 110
16 112
16 113
16 115
16 116
16 117
16 118
16 119
16 126
16 128
16 134
16 135
17 19
17 20
17 24
17 25
17 26
17 27
17 28
17 29
17 31
17 36
17 37
17 38
17 39
17 40
17 43
17 44
17 46
17 47
17 48
17 51
17 52
17 54
17 55
17 56
17 57
17 59
17 60
17 63
17 65
17 66
17 68
17 69
17 70
17 71
17 72
17 73
17 74
17 80
17 82
17 84
17 85
17 86
17 87
17 90
17 91
17 92
17 94
17 95
17 96
17 97
17 101
17 102
17 103
17 104
17 106
18 19
18 20
18 22
18 23
18 24
18 28
18 29
18 30
18 31
18 32
18 33
18 36
18 38
18 40
18 44
18 45
18 46
18 48
18 49
18 50
18 55
18 56
18 59
18 60
18 62
18 65
18 67
18 68
18 69
18 70
18 72
18 74
18 76
18 77
18 78
18 84
18 87
18 89
18 90
18 91
18 92
18 93
18 94
18 95
18 97
18 100
18 102
18 104
18 114
18 120
18 121
18 125
18 127
18 130
18 131
18 405
19 20
19 21
19 23
19 28
19 29
19 30
19 33
19 38
19 39
19 45
19 47
19 49
19 50
19 57
19 58
19 61
19 62
19 63
19 66
19 67
19 68
19 69
19 70
19 71
19 72
19 73
19 75
19 76
19 77
19 78
19 80
19 81
19 82
19 85
19 86
19 87
19 89
19 92
19 94
19 95
19 96
19 97
19 98
19 100
19 101
19 103
19 104
19 105
19 108
19 109
19 110
19 111
19 112
19 113
19 115
20 21
20 23
20 24
20 25
20 29
20 32
20 35
20 36
20 38
20 46
20 47
20 48
20 52
20 53
20 54
20 56
20 57
20 59
20 62
20 63
20 64
20 65
20 68
20 72
20 73
20 76
20 77
20 79
20 80
20 84
20 85
20 86
20 87
20 89
20 90
20 91
20 92
20 93
20 94
20 97
20 99
20 103
20 104
20 105
20 107
20 111
20 113
20 115
20 116
20 117
20 123
20 124
20 125
20 127
20 129
21 28
21 31
21 32
21 33
21 34
21 36
21 42
21 45
21 47
21 48
21 50
21 51
21 55
21 56
21 58
21 59
21 60
21 61
21 62
21 64
21 66
21 68
21 69
21 71
21 73
21 74
21 75
21 77
21 83
21 84
21 85
21 86
21 87
21 88
21 90
21 93
21 94
21 95
21 98
21 99
21 101
21 102
21 104
21 105
21 107
21 108
21 109
21 110
21 115
21 118
21 123
21 125
21 128
21 129
21 130
22 24
22 25
22 26
22 28
22 29
22 30
22 31
22 33
22 34
22 35
22 45
22 46
22 50
22 51
22 55
22 58
22 59
22 61
22 63
22 64
22 68
22 71
22 74
22 75
22 76
22 77
22 81
22 84
22 88
22 89
22 91
22 94
22 95
22 97
22 98
22 100
22 102
22 103
22 104
22 105
22 106
22 108
22 112
22 113
22 117
22 118
22 120
22 124
22 127
22 129
22 131
22 134
22 136
22 148
22 149
22 623
22 928
23 24
23 25
23 28
23 29
23 30
23 31
23 32
23 34
23 35
23 36
23 42
23 47
23 51
23 53
23 55
23 56
23 57
23 60
23 61
23 63
23 66
23 67
23 68
23 70
23 71
23 73
23 74
23 78
23 79
23 80
23 82
23 83
23 85
23 86
23 87
23 88
23 91
23 92
23 93
23 94
23 95
23 97
23 98
23 101
23 102
23 103
23 104
23 109
23 110
23 112
23 114
23 117
23 119
23 120
23 121
23 737
24 25
24 28
24 30
24 33
24 34
24 39
24 40
24 41
24 42
24 45
24 46
24 47
24 48
24 49
24 50
24 51
24 53
24 54
24 55
24 56
24 58
24 62
24 64
24 66
24 67
24 71
24 75
24 76
24 77
24 80
24 83
24 86
24 88
24 90
24 91
24 92
24 93
24 94
24 98
24 99
24 101
24 102
24 106
24 108
24 110
24 114
24 115
24 117
24 118
24 119
24 120
24 122
24 123
24 126
24 132
25 28
25 29
25 30
25 31
25 32
25 33
25 34
25 35
25 36
25 37
25 38
25 39
25 41
25 42
25 44
25 46
25 48
25 50
25 53
25 57
25 58
25 59
25 61
25 62
25 65
25 71
25 72
25 73
25 77
25 78
25 79
25 82
25 85
25 86
25 90
25 92
25 94
25 99
25 101
25 103
25 104
25 105
25 106
25 107
25 110
25 113
25 114
25 115
25 116
25 117
25 119
25 120
25 121
25 123
25 124
25 251
25 1040
26 27
26 30
26 31
26 34
26 35
26 38
26 43
26 44
26 46
26 47
26 48
26 49
26 51
26 55
26 56
26 59
26 60
26 61
26 63
26 65
26 69
26 70
26 74
26 75
26 77
26 80
26 82
26 83
26 87
26 89
26 90
26 91
26 92
26 93
26 94
26 100
26 101
26 102
26 104
26 105
26 107
26 109
26 112
26 115
26 116
26 117
26 120
26 121
26 122
26 123
26 124
26 130
26 132
26 133
26 135
26 141
26 979
27 28
27 30
27 34
27 36
27 37
27 38
27 47
27 51
27 53
27 54
27 56
27 58
27 59
27 61
27 63
27 66
27 68
27 74
27 75
27 78
27 79
27 80
27 81
27 86
27 88
27 89
27 91
27 92
27 95
27 96
27 100
27 101
27 102
27 103
27 106
27 108
27 112
27 113
27 115
27 117
27 119
27 122
27 124
27 125
27 127
27 128
27 130
27 131
27 134
27 136
27 137
27 139
27 141
27 142
27 143
28 29
28 30
28 36
28 37
28 42
28 44
28 45
28 46
28 47
28 49
28 51
28 52
28 54
28 55
28 57
28 58
28 59
28 60
28 62
28 63
28 67
28 69
28 76
28 80
28 83
28 85
28 86
28 88
28 89
28 90
28 91
28 95
28 97
28 98
28 100
28 101
28 104
28 107
28 109
28 110
28 112
28 115
28 117
28 120
28 122
28 127
28 128
28 129
28 130
28 137
28 138
28 141
28 142
28 144
28 146
28 483
28 507
28 763
29 31
29 33
29 35
29 36
29 37
29 39
29 41
29 42
29 43
29 44
29 47
29 48
29 49
29 51
29 52
29 53
29 54
29 56
29 58
29 61
29 62
29 63
29 64
29 65
29 70
29 71
29 73
29 74
29 75
29 76
29 80
29 81
29 82
29 83
29 84
29 85
29 86
29 91
29 92
29 93
29 94
29 95
29 100
29 102
29 103
29 104
29 109
29 112
29 115
29 117
29 118
29 120
29 124
29 125
29 127
30 32
30 39
30 44
30 45
30 46
30 49
30 50
30 52
30 53
30 54
30 55
30 56
30 62
30 65
30 66
30 68
30 70
30 75
30 76
30 78
30 79
30 84
30 85
30 88
30 90
30 92
30 95
30 96
30 97
30 98
30 99
30 100
30 103
30 104
30 105
30 106
30 107
30 108
30 110
30 113
30 114
30 116
30 119
30 120
30 121
30 125
30 130
30 134
30 135
30 136
30 137
30 140
30 141
30 142
30 144
31 32
31 34
31 35
31 36
31 40
31 43
31 44
31 45
31 47
31 51
31 52
31 54
31 57
31 60
31 61
31 62
31 64
31 66
31 67
31 69
31 71
31 73
31 74
31 75
31 79
31 80
31 82
31 87
31 90
31 91
31 92
31 96
31 98
31 102
31 103
31 106
31 107
31 108
31 109
31 110
31 112
31 115
31 116
31 118
31 122
31 126
31 128
31 130
31 135
31 138
31 139
31 140
31 143
31 144
31 145
31 184
31 321
32 35
32 36
32 37
32 39
32 40
32 44
32 45
32 48
32 49
32 50
32 53
32 54
32 55
32 57
32 60
32 62
32 63
32 65
32 66
32 68
32 69
32 71
32 72
32 74
32 75
32 77
32 78
32 81
32 87
32 90
32 91
32 95
32 96
32 97
32 105
32 106
32 108
32 110
32 111
32 113
32 115
32 118
32 119
32 120
32 123
32 126
32 128
32 131
32 134
32 137
32 138
32 144
32 145
32 146
32 149
33 34
33 35
33 37
33 41
33 43
33 44
33 46
33 47
33 50
33 52
33 54
33 55
33 56
33 57
33 61
33 63
33 64
33 65
33 66
33 67
33 68
33 69
33 70
33 73
33 74
33 75
33 76
33 77
33 78
33 83
33 84
33 85
33 86
33 88
33 91
33 93
33 94
33 95
33 97
33 98
33 100
33 101
33 105
33 106
33 107
33 109
33 111
33 113
33 115
33 118
33 120
33 122
33 123
33 124
33 125
34 35
34 36
34 41
34 42
34 44
34 46
34 47
34 50
34 52
34 53
34 54
34 55
34 56
34 59
34 60
34 62
34 64
34 68
34 69
34 71
34 73
34 76
34 79
34 84
34 85
34 86
34 88
34 89
34 90
34 91
34 92
34 94
34 96
34 99
34 100
34 101
34 102
34 103
34 108
34 109
34 111
34 113
34 116
34 119
34 120
34 121
34 123
34 124
34 125
34 126
34 129
34 131
34 135
34 137
34 139
35 38
35 39
35 44
35 46
35 47
35 50
35 53
35 55
35 56
35 60
35 61
35 62
35 64
35 67
35 71
35 79
35 85
35 86
35 87
35 90
35 100
35 101
35 103
35 104
35 105
35 109
35 110
35 113
35 114
35 115
35 119
35 120
35 121
35 122
35 124
35 125
35 128
35 133
35 136
35 137
35 138
35 142
35 143
35 147
35 148
35 149
35 154
35 156
35 157
35 158
35 159
35 161
35 163
35 166
35 169
35 744
35 1030
36 37
36 38
36 39
36 40
36 41
36 44
36 45
36 46
36 47
36 48
36 49
36 50
36 55
36 58
36 60
36 63
36 64
36 67
36 69
36 70
36 71
36 73
36 75
36 78
36 80
36 82
36 83
36 84
36 89
36 91
36 94
36 96
36 99
36 100
36 101
36 103
36 104
36 105
36 109
36 110
36 111
36 113
36 115
36 117
36 122
36 128
36 129
36 132
36 133
36 134
36 135
36 136
36 138
36 139
36 142
37 38
37 39
37 40
37 41
37 44
37 46
37 50
37 53
37 54
37 55
37 56
37 60
37 61
37 62
37 63
37 64
37 68
37 69
37 71
37 72
37 73
37 75
37 80
37 84
37 86
37 87
37 88
37 91
37 92
37 96
37 97
37 99
37 102
37 105
37 106
37 109
37 111
37 112
37 118
37 119
37 122
37 123
37 124
37 125
37 126
37 129
37 130
37 133
37 136
37 140
37 141
37 143
37 144
37 145
37 147
38 39
38 40
38 43
38 44
38 45
38 47
38 49
38 50
38 51
38 52
38 55
38 59
38 60
38 61
38 63
38 68
38 71
38 72
38 78
38 79
38 80
38 82
38 85
38 91
38 99
38 100
38 106
38 108
38 109
38 110
38 112
38 116
38 119
38 122
38 125
38 126
38 127
38 128
38 131
38 132
38 133
38 135
38 145
38 146
38 147
38 151
38 154
38 155
38 157
38 159
38 161
38 164
38 165
38 168
38 170
38 612
39 40
39 42
39 43
39 45
39 46
39 47
39 50
39 51
39 53
39 54
39 56
39 58
39 59
39 61
39 64
39 65
39 69
39 72
39 73
39 74
39 75
39 77
39 79
39 83
39 88
39 90
39 91
39 92
39 95
39 98
39 99
39 100
39 101
39 103
39 106
39 108
39 110
39 111
39 113
39 116
39 117
39 118
39 119
39 120
39 121
39 123
39 125
39 127
39 130
39 132
39 133
39 135
39 136
39 136
39 138
39 139
40 41
40 44
40 45
40 47
40 49
40 51
40 54
40 56
40 57
40 58
40 62
40 66
40 68
40 69
40 70
40 71
40 72
40 73
40 76
40 79
40 81
40 82
40 86
40 87
40 89
40 92
40 93
40 94
40 101
40 103
40 110
40 112
40 115
40 116
40 120
40 122
40 125
40 129
40 136
40 140
40 143
40 145
40 147
40 148
40 153
40 154
40 155
40 156
40 157
40 158
40 160
40 161
40 162
40 163
40 164
41 42
41 44
41 45
41 48
41 49
41 50
41 52
41 53
41 54
41 55
41 58
41 60
41 65
41 71
41 72
41 73
41 74
41 75
41 78
41 80
41 85
41 87
41 88
41 92
41 94
41 98
41 101
41 104
41 105
41 108
41 109
41 110
41 115
41 117
41 124
41 125
41 130
41 133
41 134
41 140
41 141
41 143
41 145
41 146
41 147
41 148
41 149
41 150
41 152
41 154
41 155
41 156
41 157
41 158
41 162
42 43
42 45
42 47
42 49
42 51
42 52
42 53
42 54
42 55
42 56
42 59
42 62
42 65
42 66
42 68
42 69
42 77
42 78
42 80
42 84
42 85
42 86
42 88
42 89
42 90
42 93
42 96
42 97
42 99
42 102
42 106
42 110
42 111
42 113
42 114
42 116
42 117
42 120
42 122
42 123
42 124
42 126
42 131
42 132
42 134
42 136
42 137
42 138
42 139
42 141
42 146
42 148
42 149
42 151
42 155
42 341
43 44
43 49
43 51
43 57
43 58
43 62
43 63
43 64
43 65
43 66
43 67
43 70
43 72
43 73
43 74
43 75
43 76
43 82
43 84
43 85
43 86
43 87
43 97
43 98
43 99
43 100
43 103
43 105
43 107
43 111
43 113
43 115
43 116
43 117
43 119
43 120
43 122
43 123
43 124
43 131
43 133
43 134
43 136
43 138
43 141
43 143
43 147
43 149
43 152
43 153
43 154
43 155
43 156
43 159
43 160
44 46
44 48
44 50
44 51
44 53
44 54
44 55
44 56
44 66
44 67
44 68
44 71
44 73
44 75
44 76
44 78
44 80
44 85
44 86
44 89
44 93
44 95
44 99
44 102
44 103
44 104
44 108
44 110
44 114
44 115
44 120
44 121
44 122
44 123
44 125
44 126
44 127
44 128
44 132
44 133
44 137
44 141
44 145
44 147
44 148
44 149
44 150
44 151
44 153
44 156
44 157
44 158
44 159
44 160
44 161
44 773
45 46
45 47
45 49
45 51
45 52
45 53
45 57
45 58
45 59
45 60
45 61
45 62
45 65
45 66
45 69
45 71
45 72
45 73
45 74
45 77
45 80
45 82
45 85
45 90
45 91
45 92
45 93
45 96
45 97
45 98
45 99
45 100
45 103
45 104
45 105
45 106
45 108
45 109
45 111
45 112
45 116
45 121
45 122
45 123
45 126
45 130
45 133
45 135
45 137
45 142
45 144
45 152
45 154
45 159
45 160
46 47
46 48
46 51
46 56
46 57
46 60
46 62
46 65
46 71
46 72
46 74
46 75
46 76
46 77
46 78
46 79
46 81
46 82
46 83
46 85
46 87
46 88
46 90
46 93
46 94
46 98
46 99
46 100
46 101
46 102
46 106
46 109
46 110
46 112
46 114
46 115
46 116
46 118
46 119
46 120
46 122
46 123
46 125
46 127
46 130
46 131
46 133
46 134
46 135
46 137
46 139
46 140
46 141
46 144
46 145
47 12
47 49
47 52
47 55
47 56
47 60
47 62
47 64
47 65
47 66
47 69
47 70
47 75
47 77
47 80
47 82
47 83
47 86
47 90
47 93
47 96
47 98
47 101
47 102
47 105
47 106
47 108
47 109
47 110
47 112
47 113
47 114
47 115
47 116
47 117
47 118
47 119
47 121
47 122
47 125
47 126
47 127
47 128
47 131
47 133
47 134
47 135
47 137
47 140
47 141
47 142
47 143
47 145
47 147
47 148
47 150
47 281
47 494
47 496
47 584
48 50
48 51
48 52
48 55
48 61
48 62
48 63
48 64
48 67
48 72
48 75
48 77
48 81
48 83
48 89
48 90
48 91
48 93
48 95
48 96
48 98
48 100
48 101
48 104
48 105
48 107
48 108
48 112
48 114
48 121
48 123
48 125
48 126
48 127
48 133
48 135
48 136
48 137
48 138
48 139
48 141
48 147
48 150
48 151
48 152
48 154
48 155
48 156
48 157
48 160
48 161
48 162
48 167
48 169
48 172
48 610
49 51
49 54
49 56
49 60
49 61
49 63
49 65
49 66
49 69
49 72
49 73
49 74
49 75
49 77
49 78
49 81
49 82
49 85
49 91
49 93
49 95
49 96
49 98
49 100
49 101
49 103
49 108
49 109
49 112
49 114
49 115
49 121
49 122
49 123
49 124
49 125
49 126
49 127
49 134
49 135
49 136
49 138
49 139
49 141
49 142
49 144
49 148
49 149
49 150
49 153
49 154
49 155
49 156
49 158
49 159
50 52
50 54
50 55
50 56
50 58
50 60
50 62
50 63
50 64
50 65
50 67
50 72
50 74
50 75
50 76
50 78
50 84
50 85
50 87
50 88
50 90
50 91
50 92
50 93
50 95
50 96
50 97
50 101
50 103
50 104
50 105
50 108
50 109
50 110
50 116
50 117
50 120
50 121
50 122
50 123
50 131
50 132
50 133
50 140
50 141
50 143
50 144
50 146
50 147
50 148
50 152
50 158
50 160
50 161
50 164
51 7
51 54
51 55
51 56
51 58
51 59
51 61
51 62
51 64
51 66
51 68
51 69
51 70
51 72
51 73
51 75
51 76
51 77
51 79
51 84
51 87
51 89
51 92
51 94
51 96
51 98
51 102
51 107
51 108
51 113
51 119
51 121
51 126
51 129
51 131
51 134
51 136
51 137
51 138
51 141
51 143
51 145
51 148
51 150
51 152
51 154
51 158
51 159
51 161
51 165
51 170
51 173
51 174
51 178
51 181
51 182
52 53
52 58
52 64
52 65
52 66
52 67
52 69
52 72
52 75
52 76
52 77
52 78
52 79
52 81
52 82
52 84
52 85
52 87
52 94
52 95
52 97
52 99
52 100
52 102
52 107
52 109
52 110
52 111
52 112
52 114
52 116
52 117
52 119
52 120
52 123
52 124
52 125
52 126
52 127
52 128
52 129
52 130
52 131
52 132
52 136
52 137
52 139
52 140
52 144
52 145
52 147
52 148
52 150
52 153
52 154
52 157
52 915
53 57
53 58
53 61
53 64
53 65
53 67
53 72
53 73
53 75
53 77
53 78
53 79
53 81
53 82
53 83
53 85
53 86
53 87
53 89
53 91
53 92
53 93
53 95
53 97
53 100
53 102
53 103
53 104
53 105
53 106
53 110
53 112
53 113
53 114
53 117
53 121
53 125
53 126
53 129
53 131
53 132
53 133
53 137
53 138
53 139
53 140
53 143
53 146
53 149
53 151
53 158
53 159
53 161
53 162
53 163
53 231
53 307
54 57
54 59
54 60
54 62
54 64
54 65
54 66
54 69
54 71
54 74
54 75
54 76
54 78
54 79
54 80
54 81
54 84
54 85
54 86
54 89
54 90
54 91
54 92
54 93
54 94
54 95
54 97
54 98
54 99
54 101
54 102
54 103
54 108
54 109
54 110
54 111
54 112
54 114
54 118
54 119
54 120
54 121
54 122
54 124
54 126
54 128
54 130
54 132
54 133
54 134
54 135
54 137
54 138
54 139
54 140
55 57
55 58
55 60
55 61
55 64
55 65
55 66
55 67
55 69
55 70
55 72
55 73
55 75
55 76
55 77
55 79
55 80
55 82
55 83
55 86
55 87
55 92
55 93
55 94
55 96
55 97
55 98
55 99
55 100
55 102
55 103
55 105
55 106
55 107
55 108
55 109
55 110
55 112
55 113
55 114
55 117
55 118
55 119
55 121
55 122
55 125
55 131
55 136
55 137
55 138
55 140
55 143
55 145
55 149
55 151
55 754
56 59
56 60
56 61
56 62
56 64
56 65
56 66
56 68
56 70
56 71
56 73
56 74
56 75
56 76
56 78
56 80
56 85
56 87
56 89
56 90
56 91
56 93
56 94
56 95
56 96
56 98
56 99
56 102
56 107
56 108
56 113
56 115
56 116
56 118
56 121
56 124
56 125
56 128
56 129
56 131
56 133
56 134
56 139
56 140
56 142
56 143
56 145
56 146
56 147
56 149
56 150
56 151
56 154
56 155
56 156
56 804
57 59
57 61
57 62
57 68
57 69
57 70
57 72
57 74
57 75
57 76
57 77
57 79
57 80
57 82
57 84
57 88
57 89
57 90
57 92
57 93
57 95
57 96
57 100
57 101
57 102
57 103
57 105
57 107
57 110
57 112
57 114
57 116
57 117
57 125
57 126
57 127
57 128
57 130
57 131
57 134
57 135
57 137
57 139
57 140
57 143
57 144
57 145
57 146
57 147
57 149
57 151
57 155
57 158
57 161
57 164
58 59
58 60
58 61
58 62
58 63
58 65
58 66
58 67
58 68
58 69
58 71
58 74
58 76
58 78
58 79
58 81
58 82
58 85
58 87
58 89
58 90
58 92
58 93
58 95
58 96
58 97
58 98
58 101
58 103
58 110
58 112
58 113
58 118
58 120
58 122
58 124
58 125
58 126
58 128
58 131
58 132
58 133
58 135
58 137
58 139
58 141
58 145
58 147
58 150
58 151
58 152
58 153
58 154
58 155
58 156
58 832
59 60
59 63
59 64
59 67
59 68
59 72
59 74
59 76
59 79
59 81
59 82
59 85
59 86
59 87
59 89
59 90
59 92
59 97
59 98
59 100
59 104
59 108
59 110
59 111
59 114
59 117
59 119
59 120
59 124
59 125
59 128
59 135
59 136
59 139
59 142
59 143
59 144
59 148
59 149
59 150
59 157
59 158
59 162
59 163
59 164
59 167
59 168
59 169
59 170
59 171
59 172
59 177
59 180
59 183
59 184
59 185
60 62
60 63
60 64
60 66
60 70
60 71
60 72
60 73
60 74
60 76
60 77
60 80
60 81
60 82
60 85
60 92
60 95
60 96
60 100
60 101
60 102
60 104
60 105
60 106
60 107
60 111
60 112
60 113
60 114
60 115
60 117
60 118
60 120
60 123
60 125
60 128
60 132
60 134
60 136
60 137
60 138
60 143
60 145
60 147
60 150
60 151
60 153
60 154
60 157
60 158
60 160
60 161
60 163
60 164
60 165
60 700
61 62
61 63
61 64
61 67
61 68
61 71
61 72
61 73
61 74
61 75
61 79
61 80
61 81
61 82
61 84
61 90
61 91
61 94
61 95
61 96
61 97
61 99
61 100
61 103
61 106
61 107
61 108
61 109
61 111
61 113
61 115
61 117
61 118
61 120
61 122
61 125
61 126
61 129
61 133
61 135
61 136
61 142
61 145
61 147
61 151
61 152
61 154
61 155
61 158
61 159
61 161
61 163
61 165
61 167
61 168
61 292
61 767
62 64
62 66
62 69
62 70
62 73
62 79
62 82
62 83
62 85
62 86
62 89
62 90
62 91
62 92
62 93
62 97
62 98
62 99
62 100
62 102
62 106
62 109
62 110
62 112
62 114
62 115
62 118
62 121
62 122
62 123
62 124
62 125
62 127
62 128
62 133
62 134
62 136
62 138
62 141
62 142
62 144
62 146
62 148
62 152
62 155
62 160
62 161
62 162
62 163
62 164
62 166
62 167
62 169
62 171
62 172
62 324
63 68
63 70
63 71
63 73
63 75
63 76
63 78
63 80
63 83
63 84
63 89
63 92
63 96
63 99
63 104
63 105
63 106
63 107
63 108
63 111
63 115
63 116
63 117
63 119
63 124
63 125
63 126
63 127
63 130
63 131
63 135
63 138
63 140
63 141
63 142
63 143
63 144
63 146
63 147
63 148
63 150
63 151
63 152
63 159
63 161
63 162
63 163
63 165
63 166
63 168
63 170
63 171
63 173
63 177
63 179
64 65
64 70
64 71
64 72
64 75
64 78
64 79
64 81
64 82
64 83
64 84
64 86
64 87
64 90
64 91
64 92
64 93
64 97
64 99
64 101
64 102
64 105
64 106
64 108
64 111
64 114
64 118
64 122
64 123
64 128
64 130
64 134
64 141
64 148
64 150
64 152
64 153
64 155
64 156
64 158
64 161
64 162
64 163
64 164
64 165
64 166
64 167
64 170
64 172
64 173
64 174
64 175
64 176
64 177
64 179
65 66
65 70
65 72
65 73
65 74
65 75
65 77
65 78
65 82
65 83
65 84
65 87
65 88
65 90
65 92
65 93
65 95
65 97
65 100
65 101
65 104
65 106
65 109
65 110
65 111
65 112
65 113
65 114
65 115
65 117
65 118
65 119
65 120
65 121
65 123
65 125
65 128
65 131
65 136
65 137
65 138
65 140
65 141
65 143
65 146
65 149
65 155
65 156
65 158
65 159
65 162
65 164
65 167
65 168
65 171
66 67
66 68
66 71
66 72
66 73
66 75
66 78
66 79
66 80
66 81
66 82
66 84
66 86
66 89
66 90
66 95
66 101
66 104
66 106
66 108
66 110
66 112
66 113
66 114
66 116
66 118
66 119
66 120
66 121
66 122
66 124
66 125
66 128
66 135
66 138
66 139
66 143
66 146
66 147
66 148
66 151
66 152
66 153
66 154
66 156
66 158
66 159
66 162
66 165
66 166
66 168
66 173
66 175
66 176
66 179
67 52
67 69
67 70
67 71
67 72
67 73
67 74
67 75
67 79
67 80
67 81
67 82
67 85
67 86
67 87
67 89
67 92
67 95
67 98
67 100
67 105
67 106
67 107
67 108
67 110
67 111
67 112
67 114
67 115
67 116
67 117
67 121
67 123
67 130
67 133
67 135
67 137
67 143
67 145
67 147
67 149
67 150
67 151
67 152
67 155
67 159
67 160
67 165
67 166
67 167
67 169
67 170
67 172
67 173
67 175
67 185
67 186
67 850
67 897
68 72
68 74
68 75
68 77
68 78
68 79
68 80
68 81
68 83
68 86
68 88
68 90
68 92
68 93
68 97
68 101
68 102
68 103
68 109
68 112
68 119
68 122
68 126
68 128
68 130
68 131
68 132
68 135
68 136
68 139
68 140
68 142
68 143
68 150
68 151
68 153
68 157
68 160
68 161
68 164
68 165
68 170
68 171
68 172
68 174
68 179
68 181
68 182
68 184
68 185
68 187
68 188
68 192
68 195
68 197
68 198
68 369
69 72
69 73
69 76
69 77
69 79
69 84
69 85
69 86
69 87
69 88
69 89
69 90
69 97
69 102
69 105
69 107
69 115
69 117
69 122
69 124
69 126
69 128
69 129
69 131
69 133
69 136
69 137
69 139
69 140
69 141
69 142
69 143
69 144
69 146
69 149
69 150
69 151
69 152
69 153
69 154
69 155
69 156
69 157
69 158
69 159
69 160
69 161
69 162
69 163
69 165
69 166
69 172
69 173
69 179
69 182
70 71
70 73
70 75
70 76
70 77
70 78
70 80
70 82
70 85
70 86
70 87
70 91
70 93
70 98
70 99
70 101
70 106
70 107
70 108
70 109
70 111
70 115
70 118
70 119
70 120
70 121
70 123
70 126
70 128
70 130
70 131
70 133
70 134
70 140
70 141
70 142
70 143
70 144
70 145
70 147
70 148
70 152
70 157
70 163
70 164
70 165
70 167
70 170
70 174
70 177
70 179
70 180
70 183
70 184
70 185
70 867
71 75
71 80
71 81
71 82
71 83
71 86
71 88
71 91
71 95
71 97
71 99
71 101
71 103
71 107
71 110
71 111
71 112
71 114
71 115
71 121
71 122
71 123
71 124
71 127
71 129
71 130
71 135
71 136
71 137
71 140
71 141
71 143
71 145
71 146
71 149
71 153
71 156
71 157
71 161
71 167
71 168
71 169
71 171
71 172
71 175
71 178
71 179
71 180
71 181
71 182
71 183
71 184
71 186
71 188
71 189
72 73
72 77
72 80
72 82
72 84
72 85
72 87
72 88
72 89
72 92
72 93
72 94
72 96
72 97
72 99
72 100
72 108
72 109
72 110
72 111
72 113
72 114
72 120
72 124
72 125
72 130
72 132
72 133
72 134
72 136
72 137
72 139
72 140
72 143
72 146
72 149
72 150
72 156
72 158
72 161
72 163
72 165
72 166
72 169
72 171
72 172
72 176
72 177
72 178
72 180
72 182
72 183
72 185
72 186
72 188
73 74
73 75
73 76
73 77
73 79
73 81
73 84
73 85
73 86
73 89
73 90
73 92
73 93
73 94
73 95
73 98
73 99
73 103
73 107
73 108
73 109
73 110
73 113
73 115
73 117
73 118
73 120
73 121
73 123
73 124
73 125
73 126
73 127
73 131
73 132
73 137
73 138
73 139
73 140
73 141
73 142
73 147
73 149
73 152
73 153
73 154
73 157
73 159
73 161
73 163
73 164
73 165
73 171
73 174
73 176
74 77
74 78
74 79
74 80
74 87
74 90
74 94
74 95
74 97
74 98
74 100
74 102
74 104
74 106
74 109
74 111
74 112
74 114
74 115
74 117
74 118
74 119
74 121
74 123
74 124
74 125
74 129
74 130
74 131
74 132
74 133
74 134
74 135
74 137
74 139
74 140
74 147
74 148
74 151
74 152
74 154
74 156
74 157
74 159
74 163
74 165
74 168
74 171
74 172
74 176
74 178
74 180
74 181
74 183
74 184
74 502
74 814
75 77
75 78
75 80
75 82
75 83
75 84
75 87
75 88
75 89
75 91
75 92
75 93
75 97
75 98
75 99
75 101
75 103
75 104
75 105
75 107
75 108
75 109
75 113
75 115
75 116
75 117
75 121
75 123
75 124
75 125
75 126
75 127
75 129
75 134
75 135
75 137
75 140
75 141
75 142
75 144
75 150
75 151
75 152
75 153
75 154
75 155
75 158
75 160
75 161
75 163
75 164
75 165
75 166
75 167
75 168
76 77
76 78
76 79
76 80
76 83
76 87
76 88
76 89
76 98
76 99
76 101
76 102
76 103
76 104
76 105
76 108
76 109
76 110
76 112
76 113
76 114
76 116
76 117
76 119
76 123
76 124
76 125
76 126
76 128
76 130
76 131
76 133
76 134
76 136
76 138
76 140
76 142
76 143
76 147
76 148
76 151
76 153
76 155
76 156
76 158
76 160
76 162
76 164
76 165
76 166
76 167
76 171
76 173
76 175
76 177
76 670
76 931
77 81
77 82
77 84
77 87
77 91
77 96
77 97
77 98
77 99
77 103
77 104
77 107
77 108
77 110
77 111
77 119
77 120
77 123
77 125
77 126
77 128
77 135
77 136
77 140
77 141
77 145
77 146
77 147
77 148
77 149
77 151
77 153
77 154
77 155
77 156
77 157
77 158
77 162
77 163
77 164
77 167
77 168
77 171
77 173
77 181
77 182
77 183
77 188
77 194
77 195
77 196
77 198
77 199
77 201
77 206
78 80
78 83
78 84
78 87
78 88
78 89
78 91
78 96
78 97
78 98
78 102
78 104
78 106
78 108
78 110
78 113
78 114
78 121
78 122
78 125
78 127
78 129
78 131
78 136
78 138
78 141
78 142
78 146
78 147
78 148
78 150
78 153
78 156
78 157
78 158
78 159
78 161
78 162
78 163
78 164
78 165
78 169
78 170
78 172
78 173
78 179
78 182
78 186
78 188
78 190
78 193
78 194
78 195
78 196
78 197
78 308
79 80
79 82
79 85
79 86
79 87
79 90
79 93
79 94
79 98
79 99
79 103
79 105
79 107
79 108
79 112
79 115
79 119
79 121
79 123
79 124
79 133
79 134
79 136
79 138
79 140
79 144
79 148
79 149
79 151
79 152
79 153
79 155
79 156
79 158
79 160
79 161
79 164
79 167
79 168
79 169
79 170
79 171
79 173
79 174
79 175
79 178
79 179
79 180
79 181
79 183
79 184
79 187
79 193
79 197
79 204
79 658
80 85
80 87
80 88
80 89
80 91
80 92
80 93
80 94
80 97
80 99
80 100
80 102
80 103
80 104
80 105
80 107
80 108
80 110
80 112
80 114
80 115
80 117
80 119
80 120
80 121
80 122
80 124
80 128
80 129
80 130
80 131
80 132
80 137
80 139
80 140
80 146
80 148
80 149
80 152
80 156
80 157
80 160
80 161
80 164
80 167
80 169
80 170
80 174
80 175
80 179
80 181
80 183
80 184
80 185
80 186
80 213
80 674
81 82
81 84
81 87
81 89
81 91
81 93
81 94
81 101
81 103
81 104
81 105
81 108
81 110
81 111
81 114
81 115
81 118
81 119
81 121
81 122
81 126
81 128
81 129
81 130
81 133
81 135
81 138
81 141
81 142
81 143
81 145
81 147
81 149
81 150
81 151
81 155
81 156
81 157
81 160
81 162
81 163
81 166
81 167
81 168
81 169
81 170
81 171
81 174
81 181
81 184
81 186
81 188
81 189
81 190
81 191
82 84
82 85
82 86
82 87
82 88
82 90
82 91
82 95
82 96
82 99
82 100
82 105
82 106
82 107
82 108
82 110
82 113
82 114
82 117
82 118
82 119
82 120
82 123
82 127
82 129
82 130
82 131
82 136
82 139
82 141
82 142
82 143
82 144
82 145
82 146
82 147
82 148
82 149
82 150
82 152
82 156
82 159
82 161
82 164
82 166
82 167
82 170
82 176
82 177
82 178
82 181
82 182
82 183
82 184
82 185
83 84
83 87
83 88
83 89
83 91
83 92
83 95
83 96
83 97
83 98
83 99
83 101
83 102
83 104
83 105
83 106
83 108
83 109
83 111
83 112
83 115
83 118
83 119
83 120
83 121
83 122
83 123
83 128
83 130
83 131
83 134
83 135
83 136
83 137
83 139
83 145
83 147
83 148
83 149
83 150
83 151
83 152
83 154
83 156
83 159
83 161
83 162
83 165
83 166
83 167
83 170
83 172
83 176
83 177
83 179
84 276
85 29
86 173
86 444
88 295
88 825
90 113
90 264
90 747
90 761
90 927
91 90
91 383
91 489
91 651
91 886
91 919
91 946
93 939
94 268
94 724
96 170
97 110
98 119
98 1003
100 312
101 382
103 107
103 221
105 23
107 966
109 803
109 869
111 317
111 951
113 454
114 511
114 575
114 787
115 40
115 185
115 254
115 269
115 463
115 540
115 1055
116 28
116 155
116 542
116 626
116 1013
117 36
119 1005
121 376
121 602
123 391
124 43
124 425
124 730
124 762
124 780
125 430
125 812
126 902
127 178
128 279
128 355
130 830
132 423
132 885
132 1031
133 354
133 550
133 901
135 505
136 147
137 142
137 154
137 215
138 80
138 210
138 331
138 516
139 645
139 703
140 35
141 818
141 1062
143 448
144 38
144 67
144 414
147 498
148 291
148 666
148 778
150 1049
151 524
152 526
152 873
152 935
155 161
155 300
155 365
156 84
156 164
156 273
156 297
156 416
156 590
156 806
156 952
157 186
158 736
159 74
159 741
159 862
159 1032
160 649
163 63
163 662
165 315
167 406
179 111
185 140
185 282
185 588
187 34
187 679
188 228
188 809
188 838
195 32
195 403
195 490
195 565
195 581
196 205
196 484
197 586
201 265
202 574
203 975
205 320
207 389
210 240
210 987
212 249
212 399
212 911
214 534
216 442
217 166
218 634
219 833
222 424
223 248
223 672
223 879
223 1004
224 956
225 720
227 0
227 24
227 319
227 980
228 988
230 713
231 146
231 548
232 55
232 350
232 790
232 798
232 1027
233 194
233 287
234 905
234 998
236 752
238 207
240 157
241 262
241 448
241 801
241 1026
242 188
242 997
244 969
244 1025
245 462
245 922
247 846
248 289
248 311
248 712
248 733
248 808
249 627
250 286
250 327
250 968
251 398
251 451
251 528
252 870
253 916
253 1002
255 109
255 270
255 621
257 65
258 464
259 250
259 278
259 774
260 359
260 506
260 696
260 1017
260 1021
261 178
262 294
262 591
262 608
271 156
271 195
271 223
271 562
271 876
272 189
273 1019
274 757
275 68
276 692
276 856
278 510
278 593
280 547
282 828
282 1054
283 208
284 585
285 5
286 352
286 868
287 415
288 633
289 114
289 152
289 450
289 478
289 512
289 551
289 760
293 606
293 695
297 704
301 257
302 566
303 246
304 1041
305 177
306 407
306 638
307 976
311 57
311 93
311 1051
315 882
316 115
316 471
316 628
316 688
316 690
316 746
316 883
316 947
316 1060
319 94
319 404
319 508
319 684
320 239
323 143
323 388
324 203
324 659
326 45
327 530
328 160
328 452
328 685
328 687
330 572
332 78
332 88
332 708
333 171
334 124
334 263
335 69
335 835
336 1020
337 939
338 387
339 379
339 543
339 752
341 128
343 126
343 619
344 937
346 348
349 620
350 145
352 652
352 722
353 794
354 858
355 375
356 261
358 521
359 197
359 364
360 716
362 751
364 412
366 641
369 438
370 553
371 422
372 66
373 153
373 691
374 72
374 83
374 635
374 788
374 971
375 252
376 180
376 877
381 683
381 771
384 216
386 1024
388 127
388 302
388 303
388 446
390 671
392 422
394 644
394 849
395 853
396 926
397 89
397 202
397 713
398 30
402 384
402 663
402 723
402 748
403 6
403 260
403 888
403 1029
404 79
404 198
404 815
404 820
404 924
405 118
407 734
407 1037
408 172
409 468
410 56
411 631
411 957
412 596
412 1011
414 9
414 504
414 673
414 811
414 944
414 1043
414 1057
423 64
424 842
425 421
426 135
426 187
427 1006
428 525
428 640
429 96
429 226
429 729
429 965
429 985
430 62
430 498
432 110
432 932
433 244
433 370
436 337
440 105
440 501
443 172
444 544
444 579
444 1042
446 85
447 340
451 449
452 731
453 539
453 836
457 99
462 170
462 344
462 576
463 10
463 1014
470 654
471 45
471 48
471 325
471 795
472 600
473 689
473 1023
476 622
477 517
478 191
479 230
479 552
481 943
482 495
483 147
484 108
484 225
484 401
484 834
484 999
487 477
487 715
487 764
490 819
492 791
496 710
499 346
505 193
505 237
509 1035
510 503
511 242
513 77
516 459
516 616
519 648
520 852
522 642
522 1033
524 70
525 523
525 934
526 427
526 617
526 977
527 336
527 458
527 792
527 892
528 475
529 866
530 420
531 44
534 280
535 851
536 175
541 923
541 995
542 841
543 677
546 41
549 607
550 742
553 272
553 393
553 470
553 1012
556 362
556 520
556 1050
558 183
558 1009
560 454
563 914
565 15
565 17
566 131
566 745
568 1
568 313
568 455
569 697
571 567
571 887
572 1057
573 372
576 353
580 912
582 681
582 1061
584 192
587 42
587 647
587 839
588 182
588 259
588 440
588 1022
590 39
590 776
590 799
590 823
590 973
592 312
595 636
597 709
597 743
597 942
598 392
598 561
599 267
599 417
599 445
600 258
600 837
605 179
605 284
607 758
607 874
608 1048
610 792
612 653
614 236
614 348
615 148
615 238
615 632
615 698
617 685
621 592
622 871
623 301
623 686
624 394
628 158
628 332
628 563
628 768
628 940
628 978
630 551
632 25
632 227
632 522
632 725
632 727
632 773
632 889
632 936
633 329
635 474
635 822
637 285
637 950
638 840
639 61
639 190
643 214
643 349
643 701
643 739
643 855
644 457
644 610
645 482
645 1036
646 629
646 1016
646 1056
647 410
647 533
649 389
652 777
655 101
655 396
656 206
657 159
657 493
657 587
657 675
659 518
660 453
663 18
664 437
665 333
665 560
665 609
665 930
665 933
667 190
668 721
670 664
672 144
672 219
672 541
672 676
672 831
672 891
673 305
673 532
674 893
675 927
676 639
676 657
676 807
676 918
676 945
676 993
678 472
678 770
678 949
679 728
684 181
684 328
684 827
684 865
686 367
686 750
688 513
690 306
690 497
690 753
691 469
692 53
692 174
694 335
694 374
694 487
694 557
694 597
694 735
696 8
696 476
696 656
696 959
698 582
698 756
701 438
701 460
701 613
703 390
705 116
705 962
706 27
706 347
706 514
706 775
709 578
715 54
715 95
717 330
719 409
719 816
723 554
724 536
724 625
725 112
729 863
730 151
730 571
730 982
731 33
733 232
733 275
733 323
733 395
736 630
737 169
738 37
738 669
741 437
741 958
741 972
742 564
743 732
744 704
745 832
746 103
746 217
746 288
746 549
746 899
746 908
747 994
753 981
758 651
759 339
759 896
759 961
759 1015
760 661
763 680
763 996
764 318
765 466
771 515
774 624
774 668
776 41
778 431
778 740
779 256
779 954
780 461
780 986
781 719
782 366
783 693
786 106
786 356
786 705
786 984
787 991
788 594
789 577
793 229
793 845
794 89
795 408
795 443
795 615
795 707
796 447
796 861
798 601
801 129
803 418
803 967
804 46
806 428
806 956
808 304
808 535
809 104
810 345
811 212
811 765
811 796
811 913
813 266
815 895
816 903
819 702
820 492
820 900
821 75
821 898
822 499
823 138
823 255
823 527
827 16
828 782
829 589
830 708
831 749
833 220
834 479
834 537
834 906
836 92
837 357
837 480
839 614
839 718
840 912
844 611
846 992
847 133
847 426
847 793
847 975
851 637
851 964
852 399
854 699
854 711
854 826
854 844
855 127
856 545
857 59
857 902
857 1028
859 296
860 436
860 491
860 538
862 519
862 1052
864 817
865 974
869 667
871 555
873 465
873 881
874 580
874 598
875 50
876 196
876 233
876 316
876 411
876 558
876 655
879 1047
880 875
883 241
883 338
883 371
883 789
883 929
883 1034
884 797
884 1059
886 373
886 636
887 755
888 47
888 469
888 556
888 829
888 941
889 347
891 36
891 168
891 310
891 678
892 800
893 408
894 559
894 843
896 314
896 872
897 97
897 246
897 925
901 351
901 990
902 800
904 385
904 813
905 22
905 51
905 397
905 481
905 650
905 766
906 120
907 3
907 700
907 1001
909 485
913 343
913 1035
914 456
914 531
916 852
917 120
918 139
918 211
918 603
918 646
918 694
918 779
918 786
918 907
918 1053
919 805
920 569
923 361
923 583
924 721
925 784
926 122
928 4
928 948
932 488
933 434
933 859
935 842
936 738
936 810
942 802
944 847
944 1039
944 1058
947 277
949 167
950 500
952 82
952 1018
955 234
955 884
955 904
958 1045
961 363
961 377
962 98
962 200
962 381
962 509
962 785
964 224
964 880
965 326
965 714
965 769
966 1008
967 199
970 989
971 247
973 50
973 439
974 1046
975 136
977 546
977 726
977 848
978 386
979 99
979 235
979 413
979 1044
980 86
981 100
982 435
982 595
982 717
983 299
983 360
986 963
990 314
993 334
993 824
993 955
995 137
995 402
995 586
995 643
995 660
998 102
998 380
998 920
999 121
999 921
1002 117
1003 130
1004 13
1004 322
1004 439
1004 909
1006 71
1006 570
1006 953
1006 970
1009 283
1010 243
1010 599
1010 665
1010 870
1010 910
1011 186
1011 486
1012 20
1012 87
1013 573
1014 73
1014 274
1014 342
1015 31
1015 218
1015 857
1016 878
1018 222
1019 634
1020 960
1021 605
1021 864
1021 1010
1022 58
1022 604
1022 894
1027 682
1027 1038
1030 76
1030 245
1032 26
1032 201
1032 783
1038 164
1039 19
1039 253
1039 441
1040 2
1041 14
1042 60
1042 176
1042 706
1043 91
1043 429
1043 467
1043 1000
1050 860
1050 1007
1053 163
1053 432
1053 618
1053 759
1055 165
1055 358
1055 400
1055 419
1055 772
1055 781
1056 209
1056 529
1056 568
1058 49
1058 293
1058 903
1060 204
1060 473
1060 854
1060 917
