nodes: 1113 edges: 5952
0 1
0 2
0 3
0 4
0 5
0 8
0 11
0 12
0 13
0 16
0 19
0 20
0 21
0 22
0 24
0 26
0 28
0 29
0 33
0 34
0 35
0 38
0 39
0 40
0 42
0 44
0 48
0 49
0 50
0 54
0 56
0 58
0 59
0 60
0 62
0 70
0 71
0 72
0 73
0 74
0 75
0 76
0 78
0 79
0 80
0 81
0 84
0 85
0 86
0 87
0 91
0 93
0 94
0 97
0 99
1 2
1 3
1 4
1 6
1 7
1 11
1 12
1 14
1 16
1 20
1 26
1 27
1 28
1 29
1 31
1 32
1 36
1 37
1 38
1 40
1 41
1 43
1 44
1 45
1 46
1 47
1 48
1 49
1 50
1 52
1 60
1 62
1 63
1 64
1 65
1 67
1 71
1 73
1 76
1 77
1 79
1 82
1 83
1 88
1 91
1 92
1 93
1 94
1 95
1 98
1 101
1 102
1 103
1 104
1 107
2 4
2 5
2 6
2 8
2 9
2 10
2 11
2 12
2 13
2 15
2 19
2 20
2 21
2 24
2 30
2 32
2 33
2 38
2 39
2 40
2 41
2 42
2 43
2 44
2 45
2 46
2 47
2 50
2 51
2 52
2 53
2 54
2 55
2 56
2 58
2 60
2 61
2 63
2 64
2 65
2 66
2 68
2 69
2 71
2 74
2 75
2 76
2 78
2 81
2 82
2 85
2 87
2 89
2 90
2 91
2 105
2 371
2 603
2 885
2 1014
3 4
3 5
3 9
3 10
3 11
3 13
3 14
3 19
3 21
3 25
3 27
3 28
3 30
3 34
3 35
3 39
3 47
3 48
3 53
3 54
3 55
3 57
3 59
3 60
3 62
3 64
3 65
3 66
3 68
3 70
3 75
3 78
3 80
3 81
3 82
3 86
3 87
3 88
3 90
3 91
3 95
3 98
3 99
3 100
3 102
3 103
3 106
3 108
3 110
3 113
3 114
3 120
3 121
3 122
3 124
3 966
4 8
4 9
4 11
4 12
4 13
4 14
4 21
4 23
4 24
4 30
4 31
4 33
4 34
4 36
4 38
4 39
4 40
4 43
4 44
4 45
4 46
4 47
4 50
4 52
4 53
4 55
4 57
4 58
4 59
4 62
4 63
4 65
4 68
4 69
4 70
4 71
4 72
4 73
4 74
4 81
4 83
4 84
4 86
4 87
4 88
4 89
4 90
4 91
4 93
4 94
4 96
4 99
4 104
4 105
4 106
4 547
4 759
5 6
5 8
5 9
5 10
5 15
5 17
5 18
5 22
5 23
5 24
5 25
5 28
5 29
5 32
5 34
5 35
5 36
5 38
5 39
5 43
5 45
5 46
5 49
5 51
5 52
5 53
5 54
5 55
5 58
5 59
5 61
5 62
5 65
5 67
5 68
5 71
5 73
5 75
5 76
5 79
5 80
5 81
5 82
5 83
5 84
5 85
5 87
5 88
5 89
5 92
5 94
5 95
5 97
5 100
5 101
5 103
5 158
5 1028
6 9
6 11
6 12
6 15
6 16
6 20
6 21
6 23
6 25
6 26
6 27
6 28
6 31
6 32
6 34
6 35
6 38
6 40
6 42
6 43
6 47
6 52
6 53
6 54
6 61
6 66
6 67
6 69
6 73
6 74
6 76
6 77
6 77
6 79
6 80
6 82
6 84
6 85
6 86
6 90
6 91
6 92
6 93
6 99
6 101
6 104
6 105
6 107
6 109
6 110
6 111
6 115
6 120
6 121
6 122
6 123
6 124
7 8
7 13
7 15
7 16
7 17
7 18
7 19
7 21
7 24
7 29
7 30
7 32
7 33
7 35
7 41
7 42
7 46
7 48
7 50
7 51
7 54
7 60
7 61
7 62
7 63
7 64
7 65
7 68
7 70
7 71
7 75
7 80
7 81
7 83
7 84
7 85
7 86
7 88
7 89
7 93
7 95
7 96
7 97
7 98
7 99
7 104
7 110
7 113
7 116
7 118
7 123
7 124
7 125
7 132
7 133
7 231
8 9
8 10
8 15
8 16
8 17
8 18
8 19
8 21
8 25
8 27
8 32
8 33
8 34
8 35
8 37
8 38
8 40
8 41
8 43
8 45
8 46
8 49
8 50
8 51
8 53
8 56
8 57
8 59
8 61
8 63
8 66
8 71
8 72
8 73
8 74
8 76
8 77
8 78
8 79
8 80
8 83
8 85
8 86
8 87
8 88
8 90
8 92
8 93
8 95
8 104
8 106
8 109
8 111
8 112
8 114
9 12
9 13
9 14
9 16
9 17
9 19
9 20
9 23
9 24
9 26
9 28
9 30
9 31
9 33
9 34
9 36
9 37
9 40
9 42
9 43
9 44
9 45
9 46
9 49
9 50
9 51
9 54
9 55
9 56
9 57
9 60
9 61
9 62
9 64
9 65
9 68
9 70
9 74
9 75
9 81
9 82
9 85
9 88
9 89
9 90
9 92
9 93
9 96
9 97
9 105
9 106
9 107
9 109
9 113
9 114
10 11
10 12
10 17
10 18
10 19
10 21
10 22
10 25
10 27
10 28
10 29
10 32
10 33
10 36
10 37
10 41
10 42
10 43
10 44
10 46
10 48
10 50
10 51
10 55
10 57
10 62
10 63
10 66
10 70
10 73
10 74
10 75
10 76
10 78
10 83
10 84
10 87
10 92
10 94
10 96
10 102
10 104
10 107
10 112
10 114
10 118
10 122
10 124
10 125
10 127
10 129
10 131
10 134
10 137
10 141
11 14
11 15
11 16
11 18
11 19
11 21
11 22
11 25
11 30
11 31
11 32
11 34
11 36
11 38
11 41
11 42
11 44
11 46
11 48
11 50
11 51
11 60
11 63
11 66
11 68
11 69
11 70
11 71
11 73
11 75
11 76
11 77
11 79
11 81
11 82
11 83
11 84
11 85
11 86
11 89
11 92
11 93
11 94
11 96
11 100
11 101
11 102
11 104
11 105
11 106
11 109
11 112
11 118
11 119
11 120
11 950
12 13
12 14
12 17
12 18
12 20
12 21
12 23
12 24
12 26
12 27
12 28
12 29
12 31
12 34
12 35
12 36
12 38
12 39
12 41
12 43
12 45
12 46
12 47
12 50
12 51
12 52
12 53
12 54
12 56
12 57
12 58
12 59
12 60
12 63
12 64
12 67
12 68
12 70
12 72
12 76
12 77
12 80
12 85
12 88
12 89
12 91
12 93
12 95
12 96
12 97
12 98
12 100
12 101
12 102
12 103
12 104
12 473
13 15
13 19
13 20
13 21
13 22
13 24
13 27
13 28
13 29
13 31
13 32
13 33
13 34
13 39
13 42
13 45
13 46
13 47
13 48
13 50
13 52
13 55
13 56
13 57
13 61
13 62
13 65
13 66
13 70
13 71
13 74
13 75
13 78
13 81
13 82
13 83
13 84
13 85
13 86
13 87
13 93
13 96
13 97
13 98
13 99
13 100
13 102
13 103
13 108
13 111
13 114
13 115
13 116
13 119
13 124
14 15
14 18
14 21
14 22
14 24
14 30
14 31
14 33
14 34
14 35
14 37
14 40
14 43
14 46
14 47
14 48
14 51
14 52
14 53
14 55
14 58
14 59
14 61
14 62
14 63
14 65
14 66
14 67
14 68
14 69
14 70
14 73
14 75
14 76
14 78
14 83
14 84
14 88
14 90
14 91
14 93
14 95
14 97
14 101
14 105
14 107
14 109
14 110
14 113
14 114
14 115
14 116
14 117
14 118
14 119
15 20
15 21
15 22
15 23
15 25
15 27
15 31
15 32
15 36
15 37
15 38
15 40
15 44
15 45
15 46
15 47
15 49
15 50
15 51
15 52
15 54
15 59
15 64
15 66
15 67
15 70
15 72
15 73
15 74
15 77
15 79
15 80
15 91
15 92
15 95
15 97
15 98
15 100
15 101
15 102
15 103
15 104
15 108
15 110
15 111
15 113
15 114
15 115
15 116
15 117
15 124
15 126
15 132
15 133
15 135
15 196
15 571
16 17
16 21
16 22
16 23
16 24
16 25
16 26
16 28
16 33
16 34
16 35
16 36
16 37
16 40
16 41
16 43
16 44
16 45
16 48
16 49
16 51
16 52
16 53
16 54
16 56
16 57
16 60
16 62
16 63
16 65
16 66
16 67
16 68
16 69
16 70
16 71
16 77
16 79
16 81
16 82
16 83
16 84
16 87
16 88
16 89
16 91
16 92
16 93
16 94
16 98
16 99
16 100
16 101
16 103
16 104
17 18
17 20
17 21
17 22
17 26
17 27
17 28
17 29
17 30
17 31
17 34
17 36
17 38
17 42
17 43
17 44
17 46
17 47
17 48
17 53
17 54
17 57
17 58
17 60
17 63
17 65
17 66
17 67
17 68
17 70
17 72
17 74
17 75
17 76
17 82
17 85
17 87
17 88
17 89
17 90
17 91
17 92
17 93
17 95
17 98
17 100
17 102
17 112
17 118
17 119
17 123
17 125
17 128
17 129
17 130
17 568
18 19
18 21
18 26
18 27
18 28
18 31
18 36
18 37
18 43
18 45
18 47
18 48
18 55
18 56
18 59
18 60
18 61
18 64
18 65
18 66
18 67
18 68
18 69
18 70
18 71
18 73
18 74
18 75
18 76
18 78
18 79
18 80
18 83
18 84
18 85
18 87
18 90
18 92
18 93
18 94
18 95
18 96
18 98
18 99
18 101
18 102
18 103
18 106
18 107
18 108
18 109
18 110
18 111
18 113
18 114
18 929
19 21
19 22
19 23
19 27
19 30
19 33
19 34
19 36
19 44
19 45
19 46
19 50
19 51
19 52
19 54
19 55
19 57
19 60
19 61
19 62
19 63
19 66
19 70
19 71
19 74
19 75
19 77
19 78
19 82
19 83
19 84
19 85
19 87
19 88
19 89
19 90
19 91
19 92
19 95
19 97
19 101
19 102
19 103
19 105
19 109
19 111
19 113
19 114
19 115
19 121
19 122
19 123
19 125
19 127
19 134
20 23
20 24
20 25
20 26
20 28
20 34
20 37
20 39
20 40
20 42
20 43
20 47
20 48
20 50
20 51
20 52
20 53
20 54
20 56
20 58
20 60
20 61
20 63
20 65
20 66
20 67
20 69
20 75
20 76
20 77
20 78
20 79
20 80
20 82
20 85
20 86
20 87
20 90
20 91
20 93
20 94
20 96
20 97
20 99
20 100
20 101
20 102
20 107
20 110
20 115
20 117
20 120
20 121
20 122
20 124
20 816
21 22
21 23
21 25
21 26
21 27
21 28
21 30
21 31
21 32
21 42
21 43
21 47
21 48
21 52
21 55
21 56
21 58
21 60
21 61
21 65
21 68
21 71
21 72
21 73
21 74
21 78
21 81
21 85
21 86
21 88
21 91
21 92
21 94
21 95
21 97
21 99
21 100
21 101
21 102
21 103
21 105
21 109
21 110
21 114
21 115
21 117
21 121
21 124
21 126
21 128
21 131
21 133
21 145
21 146
21 147
22 23
22 26
22 27
22 28
22 29
22 30
22 32
22 33
22 34
22 40
22 45
22 49
22 51
22 53
22 54
22 55
22 58
22 59
22 61
22 64
22 65
22 66
22 68
22 69
22 71
22 72
22 76
22 77
22 78
22 80
22 81
22 83
22 84
22 85
22 86
22 89
22 90
22 91
22 92
22 93
22 95
22 96
22 99
22 100
22 101
22 102
22 107
22 108
22 110
22 112
22 115
22 117
22 118
22 119
22 120
22 414
22 793
23 26
23 28
23 31
23 32
23 37
23 38
23 39
23 40
23 43
23 44
23 45
23 46
23 47
23 48
23 49
23 51
23 52
23 53
23 54
23 56
23 60
23 62
23 64
23 65
23 69
23 73
23 74
23 75
23 78
23 81
23 84
23 86
23 88
23 89
23 90
23 91
23 92
23 96
23 97
23 99
23 100
23 104
23 106
23 108
23 111
23 112
23 113
23 115
23 116
23 117
23 118
23 120
23 121
23 124
23 130
23 133
23 337
24 25
24 26
24 27
24 28
24 29
24 30
24 31
24 32
24 33
24 34
24 35
24 37
24 38
24 40
24 42
24 44
24 46
24 49
24 53
24 54
24 55
24 57
24 58
24 61
24 67
24 68
24 69
24 73
24 74
24 75
24 78
24 81
24 82
24 86
24 88
24 90
24 95
24 97
24 99
24 100
24 101
24 102
24 103
24 106
24 109
24 110
24 111
24 112
24 113
24 115
24 116
24 117
24 119
24 120
24 121
25 28
25 29
25 32
25 33
25 36
25 41
25 42
25 44
25 45
25 46
25 47
25 49
25 53
25 54
25 57
25 58
25 59
25 61
25 63
25 67
25 68
25 72
25 73
25 75
25 78
25 80
25 81
25 85
25 87
25 88
25 89
25 90
25 91
25 92
25 98
25 99
25 100
25 102
25 103
25 105
25 107
25 110
25 113
25 114
25 115
25 118
25 119
25 120
25 121
25 122
25 128
25 130
25 131
25 133
25 134
25 705
25 710
26 28
26 32
26 34
26 35
26 36
26 45
26 49
26 51
26 52
26 54
26 56
26 57
26 59
26 61
26 64
26 66
26 72
26 73
26 76
26 77
26 78
26 79
26 84
26 86
26 87
26 89
26 90
26 93
26 94
26 98
26 99
26 100
26 101
26 104
26 106
26 110
26 111
26 113
26 115
26 117
26 120
26 122
26 123
26 125
26 126
26 128
26 129
26 132
26 134
26 135
26 137
26 139
26 140
26 141
26 142
26 423
27 28
27 34
27 35
27 40
27 42
27 43
27 44
27 45
27 47
27 49
27 50
27 52
27 53
27 55
27 56
27 57
27 58
27 60
27 61
27 65
27 67
27 74
27 78
27 81
27 83
27 84
27 86
27 87
27 88
27 89
27 93
27 95
27 96
27 98
27 99
27 102
27 105
27 107
27 108
27 110
27 113
27 115
27 118
27 120
27 125
27 126
27 127
27 128
27 135
27 136
27 139
27 140
27 142
27 144
27 146
28 30
28 32
28 33
28 34
28 36
28 38
28 39
28 40
28 41
28 44
28 45
28 46
28 48
28 49
28 50
28 51
28 53
28 55
28 58
28 59
28 60
28 61
28 62
28 67
28 68
28 70
28 71
28 72
28 73
28 77
28 78
28 79
28 80
28 81
28 82
28 83
28 88
28 89
28 90
28 91
28 92
28 97
28 99
28 100
28 101
28 106
28 109
28 112
28 114
28 115
28 117
28 121
28 122
28 124
28 126
28 399
28 877
29 36
29 41
29 42
29 43
29 46
29 47
29 49
29 50
29 51
29 52
29 53
29 59
29 62
29 63
29 65
29 67
29 72
29 73
29 75
29 76
29 81
29 82
29 85
29 87
29 89
29 92
29 93
29 94
29 95
29 96
29 97
29 100
29 101
29 102
29 103
29 104
29 105
29 107
29 110
29 111
29 113
29 116
29 117
29 118
29 122
29 127
29 131
29 132
29 133
29 134
29 137
29 138
29 139
29 141
29 142
29 1071
30 32
30 33
30 34
30 38
30 41
30 42
30 43
30 45
30 49
30 50
30 52
30 55
30 58
30 59
30 60
30 62
30 64
30 65
30 67
30 69
30 71
30 72
30 73
30 77
30 78
30 80
30 85
30 88
30 89
30 90
30 94
30 96
30 98
30 100
30 101
30 104
30 105
30 106
30 107
30 108
30 110
30 113
30 114
30 116
30 120
30 124
30 126
30 128
30 133
30 136
30 137
30 138
30 141
30 142
30 143
30 146
30 538
31 32
31 33
31 35
31 36
31 40
31 41
31 44
31 45
31 46
31 49
31 50
31 51
31 53
31 56
31 58
31 59
31 61
31 62
31 64
31 65
31 67
31 68
31 70
31 71
31 73
31 74
31 77
31 83
31 86
31 87
31 91
31 92
31 93
31 101
31 102
31 104
31 106
31 107
31 109
31 111
31 114
31 115
31 116
31 119
31 122
31 124
31 127
31 130
31 133
31 134
31 140
31 141
31 142
31 145
31 146
31 387
31 389
31 486
31 620
31 675
31 742
32 17
32 24
32 33
32 35
32 39
32 41
32 42
32 44
32 45
32 48
32 50
32 52
32 53
32 54
32 55
32 59
32 61
32 62
32 63
32 64
32 65
32 66
32 67
32 68
32 71
32 72
32 73
32 74
32 75
32 76
32 81
32 82
32 83
32 84
32 86
32 89
32 91
32 92
32 93
32 95
32 96
32 98
32 99
32 103
32 104
32 105
32 107
32 109
32 111
32 113
32 116
32 118
32 120
32 121
32 122
32 123
32 124
32 441
32 928
33 34
33 39
33 40
33 42
33 44
33 45
33 48
33 50
33 51
33 52
33 53
33 54
33 57
33 58
33 60
33 62
33 66
33 67
33 69
33 71
33 74
33 77
33 82
33 83
33 84
33 86
33 87
33 88
33 89
33 90
33 92
33 94
33 97
33 98
33 99
33 100
33 101
33 106
33 107
33 109
33 111
33 114
33 117
33 118
33 119
33 121
33 122
33 123
33 124
33 127
33 129
33 133
33 135
33 137
33 140
33 886
34 35
34 40
34 42
34 43
34 46
34 49
34 51
34 52
34 56
34 57
34 58
34 60
34 63
34 67
34 75
34 81
34 82
34 83
34 86
34 96
34 97
34 99
34 100
34 101
34 105
34 106
34 109
34 110
34 111
34 115
34 116
34 117
34 118
34 120
34 121
34 124
34 129
34 132
34 133
34 134
34 138
34 139
34 143
34 144
34 145
34 150
34 152
34 153
34 154
34 155
34 157
34 159
34 162
34 165
34 166
34 450
35 36
35 37
35 38
35 39
35 42
35 43
35 44
35 45
35 46
35 47
35 48
35 53
35 56
35 58
35 61
35 62
35 65
35 67
35 68
35 69
35 71
35 73
35 76
35 78
35 80
35 81
35 82
35 87
35 89
35 92
35 94
35 97
35 98
35 99
35 101
35 102
35 103
35 107
35 108
35 109
35 111
35 113
35 115
35 120
35 126
35 127
35 130
35 131
35 132
35 133
35 134
35 136
35 137
35 140
35 141
35 633
36 37
36 38
36 39
36 42
36 44
36 48
36 51
36 52
36 53
36 54
36 58
36 59
36 60
36 61
36 62
36 66
36 67
36 69
36 70
36 71
36 73
36 78
36 82
36 84
36 85
36 86
36 89
36 90
36 94
36 95
36 97
36 100
36 103
36 104
36 107
36 109
36 110
36 116
36 117
36 120
36 121
36 122
36 123
36 124
36 127
36 128
36 131
36 134
36 138
36 139
36 141
36 142
36 143
36 145
36 146
37 38
37 41
37 42
37 43
37 45
37 47
37 48
37 49
37 50
37 53
37 57
37 58
37 59
37 61
37 66
37 69
37 70
37 76
37 77
37 78
37 80
37 83
37 89
37 97
37 98
37 104
37 106
37 107
37 108
37 110
37 114
37 117
37 120
37 123
37 124
37 125
37 126
37 129
37 130
37 131
37 133
37 143
37 144
37 145
37 149
37 152
37 153
37 155
37 157
37 159
37 162
37 163
37 166
37 168
37 169
38 40
38 41
38 43
38 44
38 45
38 48
38 49
38 51
38 52
38 54
38 56
38 57
38 59
38 62
38 63
38 67
38 70
38 71
38 72
38 73
38 75
38 77
38 81
38 86
38 88
38 89
38 90
38 93
38 96
38 97
38 98
38 99
38 101
38 104
38 106
38 108
38 109
38 111
38 114
38 115
38 116
38 117
38 118
38 119
38 121
38 123
38 125
38 128
38 130
38 131
38 133
38 134
38 136
38 137
38 138
39 42
39 43
39 45
39 47
39 49
39 52
39 54
39 55
39 56
39 60
39 64
39 66
39 67
39 68
39 69
39 70
39 71
39 74
39 77
39 79
39 80
39 84
39 85
39 87
39 90
39 91
39 92
39 99
39 101
39 108
39 110
39 113
39 114
39 118
39 120
39 123
39 127
39 134
39 138
39 141
39 143
39 145
39 146
39 151
39 152
39 153
39 154
39 155
39 156
39 158
39 159
39 160
39 161
39 162
39 163
40 42
40 43
40 46
40 47
40 48
40 50
40 51
40 52
40 53
40 56
40 58
40 63
40 69
40 70
40 71
40 72
40 73
40 76
40 78
40 83
40 85
40 86
40 90
40 92
40 96
40 99
40 102
40 103
40 106
40 107
40 108
40 113
40 115
40 122
40 123
40 128
40 131
40 132
40 138
40 139
40 141
40 143
40 144
40 145
40 146
40 147
40 148
40 150
40 152
40 153
40 154
40 155
40 156
40 160
40 161
40 1027
41 43
41 45
41 47
41 49
41 50
41 51
41 52
41 53
41 54
41 57
41 60
41 63
41 64
41 66
41 67
41 75
41 76
41 78
41 82
41 83
41 84
41 86
41 87
41 88
41 91
41 94
41 95
41 97
41 100
41 104
41 108
41 109
41 111
41 112
41 114
41 115
41 118
41 120
41 121
41 122
41 124
41 129
41 130
41 132
41 134
41 135
41 136
41 137
41 139
41 144
41 146
41 147
41 149
41 153
41 154
42 47
42 49
42 55
42 56
42 60
42 61
42 62
42 63
42 64
42 65
42 68
42 70
42 71
42 72
42 73
42 74
42 80
42 82
42 83
42 84
42 85
42 95
42 96
42 97
42 98
42 101
42 103
42 105
42 109
42 111
42 113
42 114
42 115
42 117
42 118
42 120
42 121
42 122
42 129
42 131
42 132
42 134
42 136
42 139
42 141
42 145
42 147
42 150
42 151
42 152
42 153
42 154
42 157
42 158
42 160
43 45
43 47
43 48
43 50
43 51
43 52
43 53
43 63
43 64
43 65
43 68
43 70
43 72
43 73
43 75
43 77
43 82
43 83
43 86
43 90
43 92
43 96
43 99
43 100
43 101
43 105
43 107
43 111
43 112
43 117
43 118
43 119
43 120
43 122
43 123
43 124
43 125
43 129
43 130
43 134
43 138
43 142
43 144
43 145
43 146
43 147
43 148
43 150
43 153
43 154
43 155
43 156
43 157
43 158
43 159
44 45
44 47
44 49
44 50
44 51
44 55
44 56
44 57
44 58
44 59
44 60
44 63
44 64
44 67
44 69
44 70
44 71
44 72
44 75
44 78
44 80
44 83
44 88
44 89
44 90
44 91
44 94
44 95
44 96
44 97
44 98
44 101
44 102
44 103
44 104
44 106
44 107
44 109
44 110
44 114
44 119
44 120
44 121
44 124
44 128
44 131
44 133
44 135
44 140
44 142
44 150
44 152
44 157
44 158
44 159
45 46
45 49
45 54
45 55
45 58
45 60
45 63
45 69
45 70
45 72
45 73
45 74
45 75
45 76
45 77
45 79
45 80
45 81
45 83
45 85
45 86
45 88
45 91
45 92
45 96
45 97
45 98
45 99
45 100
45 104
45 107
45 108
45 110
45 112
45 113
45 114
45 116
45 117
45 118
45 120
45 121
45 123
45 123
45 125
45 128
45 129
45 131
45 132
45 133
45 135
45 137
45 138
45 139
45 142
45 143
45 145
45 362
45 716
45 1102
46 49
46 52
46 53
46 57
46 59
46 61
46 62
46 63
46 66
46 67
46 72
46 74
46 77
46 79
46 80
46 83
46 87
46 90
46 93
46 95
46 98
46 99
46 102
46 103
46 105
46 106
46 107
46 109
46 110
46 111
46 112
46 113
46 114
46 115
46 116
46 118
46 119
46 122
46 123
46 124
46 125
46 128
46 130
46 131
46 132
46 134
46 137
46 138
46 139
46 140
46 142
46 144
46 145
46 147
46 149
47 48
47 49
47 52
47 58
47 59
47 60
47 61
47 64
47 69
47 72
47 74
47 78
47 80
47 86
47 87
47 88
47 90
47 92
47 93
47 95
47 97
47 98
47 101
47 102
47 104
47 105
47 109
47 111
47 118
47 120
47 122
47 123
47 124
47 130
47 132
47 133
47 134
47 135
47 136
47 138
47 144
47 147
47 148
47 149
47 151
47 152
47 153
47 154
47 157
47 158
47 159
47 164
47 166
47 169
47 171
48 51
48 53
48 57
48 58
48 60
48 62
48 63
48 66
48 69
48 70
48 71
48 72
48 74
48 75
48 78
48 79
48 82
48 88
48 90
48 92
48 93
48 95
48 97
48 98
48 100
48 105
48 106
48 109
48 111
48 112
48 118
48 119
48 120
48 121
48 122
48 123
48 124
48 131
48 132
48 133
48 135
48 136
48 138
48 139
48 141
48 145
48 146
48 147
48 150
48 151
48 152
48 153
48 155
48 156
48 158
48 678
49 51
49 52
49 53
49 55
49 57
49 59
49 60
49 61
49 62
49 64
49 69
49 71
49 72
49 73
49 75
49 81
49 82
49 84
49 85
49 87
49 88
49 89
49 90
49 92
49 93
49 94
49 98
49 100
49 101
49 102
49 105
49 106
49 107
49 107
49 113
49 114
49 117
49 118
49 119
49 120
49 128
49 129
49 130
49 137
49 138
49 140
49 141
49 143
49 144
49 145
49 149
49 155
49 157
49 158
49 161
49 164
49 940
50 51
50 52
50 54
50 55
50 57
50 58
50 60
50 62
50 64
50 65
50 66
50 68
50 69
50 71
50 72
50 73
50 75
50 80
50 83
50 85
50 88
50 90
50 92
50 94
50 98
50 103
50 104
50 109
50 115
50 117
50 122
50 125
50 127
50 130
50 132
50 133
50 134
50 137
50 139
50 141
50 144
50 146
50 148
50 150
50 154
50 155
50 157
50 161
50 166
50 169
50 170
50 174
50 177
50 178
50 179
51 56
51 62
51 63
51 64
51 65
51 67
51 70
51 73
51 74
51 75
51 76
51 77
51 79
51 80
51 82
51 83
51 85
51 92
51 93
51 95
51 97
51 98
51 100
51 105
51 107
51 108
51 109
51 110
51 112
51 114
51 115
51 117
51 118
51 121
51 122
51 124
51 125
51 126
51 127
51 128
51 129
51 130
51 134
51 135
51 137
51 138
51 142
51 143
51 145
51 146
51 148
51 151
51 152
51 155
51 159
51 527
51 635
51 962
52 53
52 56
52 59
52 60
52 62
52 67
52 68
52 70
52 72
52 73
52 74
52 76
52 77
52 78
52 80
52 81
52 82
52 84
52 86
52 87
52 88
52 90
52 92
52 95
52 97
52 98
52 99
52 100
52 101
52 105
52 107
52 108
52 109
52 112
52 116
52 120
52 121
52 124
52 126
52 127
52 128
52 132
52 133
52 134
52 135
52 138
52 141
52 144
52 146
52 153
52 154
52 156
52 157
52 158
52 161
53 55
53 56
53 58
53 60
53 61
53 62
53 65
53 67
53 70
53 71
53 72
53 74
53 75
53 76
53 77
53 80
53 81
53 82
53 85
53 86
53 87
53 88
53 89
53 90
53 91
53 93
53 94
53 95
53 97
53 98
53 99
53 104
53 105
53 106
53 107
53 108
53 110
53 114
53 115
53 116
53 117
53 118
53 120
53 122
53 124
53 126
53 128
53 129
53 130
53 131
53 131
53 133
53 134
53 135
53 136
53 138
53 579
53 746
53 926
54 55
54 57
54 58
54 61
54 62
54 63
54 64
54 66
54 67
54 69
54 70
54 72
54 73
54 74
54 76
54 77
54 79
54 80
54 83
54 84
54 89
54 90
54 91
54 93
54 94
54 95
54 96
54 97
54 99
54 100
54 102
54 103
54 104
54 105
54 106
54 107
54 109
54 110
54 111
54 114
54 115
54 116
54 118
54 119
54 122
54 128
54 133
54 134
54 135
54 137
54 140
54 142
54 146
54 148
54 151
54 1101
55 56
55 57
55 58
55 60
55 61
55 62
55 64
55 66
55 67
55 69
55 70
55 71
55 72
55 74
55 76
55 81
55 83
55 85
55 86
55 87
55 89
55 90
55 91
55 92
55 94
55 95
55 98
55 103
55 104
55 109
55 111
55 112
55 114
55 117
55 120
55 121
55 124
55 125
55 127
55 129
55 130
55 135
55 136
55 138
55 139
55 141
55 142
55 143
55 145
55 146
55 147
55 150
55 151
55 152
55 154
56 58
56 59
56 65
56 66
56 67
56 69
56 71
56 72
56 73
56 74
56 76
56 77
56 79
56 81
56 85
56 86
56 87
56 89
56 90
56 92
56 93
56 97
56 98
56 99
56 100
56 102
56 104
56 107
56 109
56 111
56 113
56 114
56 122
56 123
56 124
56 125
56 127
56 128
56 131
56 132
56 134
56 136
56 137
56 140
56 141
56 142
56 143
56 144
56 146
56 148
56 152
56 155
56 158
56 161
56 162
56 169
56 569
56 582
57 58
57 59
57 60
57 61
57 63
57 64
57 65
57 66
57 67
57 69
57 72
57 74
57 76
57 77
57 79
57 80
57 83
57 85
57 87
57 88
57 90
57 91
57 93
57 94
57 95
57 96
57 99
57 101
57 108
57 110
57 111
57 116
57 118
57 120
57 122
57 123
57 124
57 126
57 129
57 130
57 131
57 133
57 135
57 137
57 139
57 143
57 145
57 148
57 149
57 150
57 151
57 152
57 153
57 154
57 155
58 61
58 62
58 65
58 66
58 70
58 72
58 74
58 77
58 79
58 80
58 83
58 84
58 85
58 87
58 88
58 90
58 95
58 96
58 98
58 102
58 106
58 108
58 109
58 112
58 115
58 117
58 118
58 122
58 123
58 126
58 133
58 134
58 137
58 140
58 141
58 142
58 146
58 147
58 155
58 156
58 160
58 161
58 162
58 165
58 166
58 167
58 168
58 169
58 170
58 175
58 178
58 181
58 182
58 183
58 185
58 445
59 60
59 61
59 63
59 67
59 68
59 69
59 70
59 71
59 73
59 74
59 77
59 78
59 79
59 82
59 89
59 92
59 93
59 97
59 98
59 99
59 101
59 102
59 103
59 104
59 108
59 109
59 110
59 111
59 112
59 114
59 115
59 117
59 120
59 122
59 125
59 129
59 131
59 133
59 134
59 135
59 140
59 142
59 144
59 147
59 148
59 150
59 151
59 154
59 155
59 157
59 158
59 160
59 161
59 162
59 163
59 298
59 943
60 61
60 62
60 65
60 66
60 69
60 70
60 71
60 72
60 73
60 77
60 78
60 79
60 80
60 82
60 88
60 89
60 92
60 93
60 94
60 95
60 97
60 98
60 101
60 104
60 105
60 106
60 107
60 109
60 111
60 113
60 115
60 116
60 118
60 120
60 123
60 124
60 127
60 131
60 133
60 134
60 140
60 143
60 145
60 149
60 150
60 152
60 153
60 156
60 157
60 159
60 161
60 163
60 165
60 166
60 168
61 63
61 66
61 67
61 70
61 76
61 79
61 80
61 82
61 83
61 86
61 87
61 88
61 89
61 90
61 94
61 95
61 96
61 97
61 99
61 103
61 106
61 107
61 109
61 111
61 112
61 115
61 118
61 119
61 120
61 121
61 122
61 124
61 125
61 130
61 131
61 133
61 135
61 138
61 139
61 141
61 143
61 145
61 149
61 152
61 157
61 158
61 159
61 160
61 161
61 163
61 164
61 166
61 168
61 169
61 174
61 515
61 991
62 64
62 65
62 67
62 69
62 70
62 70
62 72
62 74
62 77
62 78
62 83
62 86
62 90
62 93
62 98
62 99
62 100
62 101
62 102
62 105
62 109
62 110
62 111
62 113
62 118
62 119
62 120
62 121
62 124
62 125
62 129
62 132
62 134
62 135
62 136
62 137
62 138
62 140
62 141
62 142
62 144
62 145
62 146
62 153
62 155
62 156
62 157
62 159
62 160
62 162
62 164
62 165
62 167
62 171
62 173
62 174
62 184
62 283
63 68
63 69
63 70
63 73
63 76
63 77
63 79
63 80
63 81
63 82
63 84
63 85
63 88
63 89
63 90
63 91
63 95
63 97
63 99
63 100
63 103
63 104
63 106
63 109
63 112
63 116
63 120
63 121
63 126
63 128
63 132
63 139
63 146
63 148
63 150
63 151
63 153
63 154
63 156
63 159
63 160
63 161
63 162
63 163
63 164
63 165
63 168
63 170
63 171
63 172
63 173
63 174
63 175
63 177
63 178
63 897
64 68
64 70
64 71
64 72
64 73
64 75
64 76
64 80
64 81
64 82
64 85
64 86
64 88
64 90
64 91
64 93
64 95
64 98
64 99
64 102
64 104
64 107
64 108
64 109
64 110
64 111
64 112
64 113
64 115
64 116
64 117
64 118
64 119
64 121
64 123
64 126
64 129
64 134
64 135
64 136
64 138
64 139
64 141
64 144
64 147
64 153
64 154
64 156
64 157
64 160
64 162
64 165
64 166
64 169
64 170
65 66
65 69
65 70
65 71
65 73
65 74
65 76
65 77
65 78
65 79
65 80
65 82
65 84
65 87
65 88
65 93
65 99
65 102
65 104
65 106
65 108
65 110
65 111
65 112
65 114
65 116
65 117
65 118
65 119
65 120
65 122
65 123
65 126
65 133
65 136
65 137
65 137
65 141
65 144
65 145
65 146
65 149
65 150
65 151
65 152
65 154
65 156
65 157
65 160
65 163
65 164
65 166
65 171
65 173
65 174
65 177
65 179
65 604
66 67
66 68
66 69
66 70
66 71
66 72
66 76
66 77
66 78
66 79
66 82
66 83
66 84
66 86
66 89
66 92
66 95
66 97
66 102
66 103
66 104
66 105
66 107
66 108
66 109
66 111
66 112
66 113
66 114
66 118
66 120
66 127
66 130
66 132
66 134
66 140
66 142
66 144
66 147
66 148
66 149
66 152
66 156
66 157
66 162
66 163
66 164
66 166
66 167
66 169
66 170
66 172
66 182
66 183
66 187
66 1002
67 69
67 70
67 72
67 73
67 74
67 75
67 78
67 81
67 83
67 85
67 87
67 88
67 92
67 96
67 97
67 98
67 104
67 107
67 114
67 117
67 121
67 123
67 125
67 126
67 127
67 130
67 131
67 134
67 135
67 137
67 138
67 145
67 146
67 148
67 152
67 155
67 156
67 159
67 160
67 165
67 166
67 167
67 169
67 174
67 176
67 177
67 179
67 180
67 182
67 183
67 187
67 190
67 192
67 193
67 196
68 69
68 72
68 73
68 75
68 80
68 81
68 82
68 83
68 84
68 85
68 86
68 93
68 98
68 101
68 103
68 111
68 113
68 118
68 120
68 122
68 124
68 125
68 127
68 129
68 132
68 133
68 135
68 136
68 137
68 138
68 139
68 140
68 142
68 145
68 146
68 147
68 148
68 149
68 150
68 151
68 152
68 153
68 154
68 155
68 156
68 157
68 158
68 159
68 161
68 162
68 168
68 169
68 175
68 178
68 179
69 71
69 73
69 74
69 75
69 76
69 78
69 80
69 83
69 84
69 85
69 89
69 91
69 96
69 97
69 99
69 104
69 105
69 106
69 107
69 109
69 113
69 116
69 117
69 118
69 119
69 121
69 124
69 126
69 128
69 129
69 131
69 132
69 138
69 139
69 140
69 141
69 142
69 143
69 145
69 146
69 150
69 155
69 161
69 162
69 163
69 165
69 168
69 172
69 175
69 177
69 178
69 181
69 182
69 183
69 187
69 958
70 75
70 76
70 77
70 78
70 81
70 83
70 86
70 90
70 92
70 94
70 96
70 98
70 102
70 105
70 106
70 107
70 109
70 110
70 116
70 117
70 118
70 119
70 122
70 124
70 125
70 130
70 131
70 132
70 135
70 136
70 138
70 140
70 141
70 144
70 148
70 151
70 152
70 156
70 162
70 163
70 164
70 166
70 167
70 170
70 173
70 174
70 175
70 176
70 177
70 178
70 179
70 181
70 183
70 184
70 185
70 1015
71 75
71 78
71 80
71 82
71 83
71 85
71 86
71 87
71 90
71 91
71 92
71 94
71 95
71 97
71 98
71 106
71 107
71 108
71 109
71 111
71 112
71 118
71 122
71 123
71 128
71 130
71 131
71 132
71 134
71 135
71 137
71 138
71 141
71 144
71 147
71 148
71 154
71 156
71 159
71 161
71 163
71 164
71 167
71 169
71 170
71 174
71 175
71 176
71 178
71 180
71 181
71 183
71 184
71 186
71 187
71 1043
72 73
72 74
72 75
72 77
72 79
72 82
72 83
72 84
72 87
72 88
72 90
72 91
72 92
72 93
72 96
72 97
72 101
72 105
72 106
72 107
72 108
72 111
72 113
72 115
72 116
72 118
72 119
72 121
72 122
72 123
72 124
72 125
72 129
72 130
72 135
72 136
72 137
72 138
72 139
72 140
72 145
72 147
72 150
72 151
72 152
72 155
72 157
72 159
72 161
72 162
72 163
72 169
72 172
72 174
72 177
73 74
73 75
73 76
73 83
73 86
73 90
73 91
73 93
73 94
73 96
73 98
73 100
73 102
73 105
73 107
73 108
73 110
73 111
73 113
73 114
73 115
73 117
73 119
73 120
73 121
73 125
73 126
73 127
73 128
73 129
73 130
73 131
73 133
73 135
73 136
73 143
73 144
73 147
73 148
73 150
73 152
73 153
73 155
73 159
73 161
73 164
73 167
73 168
73 172
73 174
73 176
73 177
73 179
73 180
73 182
74 75
74 77
74 79
74 80
74 81
74 84
74 85
74 86
74 88
74 89
74 90
74 94
74 95
74 96
74 98
74 100
74 101
74 102
74 104
74 105
74 106
74 110
74 112
74 113
74 114
74 118
74 120
74 121
74 122
74 123
74 124
74 126
74 131
74 132
74 134
74 137
74 138
74 139
74 141
74 147
74 148
74 149
74 150
74 151
74 152
74 155
74 157
74 158
74 160
74 161
74 162
74 163
74 164
74 165
74 166
74 225
74 735
74 904
74 987
74 1003
75 76
75 77
75 78
75 81
75 85
75 86
75 87
75 96
75 97
75 99
75 100
75 101
75 102
75 103
75 106
75 107
75 108
75 110
75 111
75 112
75 114
75 115
75 117
75 121
75 122
75 123
75 124
75 126
75 128
75 129
75 131
75 132
75 134
75 136
75 136
75 138
75 140
75 141
75 145
75 146
75 149
75 151
75 153
75 154
75 156
75 158
75 160
75 162
75 163
75 164
75 165
75 169
75 171
75 173
75 175
75 179
75 271
75 275
75 669
75 703
75 760
76 77
76 79
76 82
76 86
76 91
76 92
76 93
76 94
76 98
76 99
76 102
76 103
76 105
76 106
76 114
76 115
76 118
76 120
76 121
76 123
76 130
76 131
76 135
76 136
76 140
76 141
76 142
76 143
76 144
76 146
76 148
76 149
76 150
76 151
76 152
76 153
76 157
76 158
76 159
76 162
76 163
76 166
76 168
76 176
76 177
76 178
76 183
76 189
76 190
76 191
76 193
76 194
76 196
76 201
76 203
77 80
77 81
77 84
77 85
77 86
77 88
77 93
77 94
77 95
77 99
77 101
77 103
77 105
77 107
77 110
77 111
77 118
77 119
77 122
77 124
77 126
77 128
77 133
77 135
77 138
77 139
77 143
77 144
77 145
77 147
77 150
77 153
77 154
77 155
77 156
77 158
77 159
77 160
77 161
77 162
77 166
77 167
77 169
77 170
77 176
77 179
77 183
77 185
77 187
77 190
77 191
77 192
77 193
77 194
77 195
78 80
78 83
78 84
78 85
78 88
78 91
78 92
78 96
78 97
78 101
78 103
78 105
78 106
78 110
78 113
78 117
78 119
78 121
78 122
78 131
78 132
78 134
78 136
78 138
78 142
78 146
78 147
78 149
78 150
78 151
78 153
78 154
78 156
78 158
78 159
78 162
78 165
78 166
78 167
78 168
78 169
78 171
78 172
78 173
78 176
78 177
78 178
78 179
78 181
78 182
78 185
78 191
78 195
78 202
78 207
78 930
79 81
79 82
79 83
79 85
79 86
79 87
79 88
79 91
79 93
79 94
79 96
79 97
79 98
79 99
79 101
79 102
79 104
79 106
79 108
79 109
79 111
79 113
79 114
79 115
79 116
79 118
79 122
79 123
79 124
79 125
79 126
79 131
79 133
79 134
79 140
79 142
79 143
79 146
79 150
79 151
79 154
79 155
79 158
79 161
79 163
79 164
79 168
79 169
79 173
79 175
79 177
79 178
79 179
79 180
79 181
79 796
79 898
80 82
80 85
80 87
80 89
80 91
80 92
80 99
80 101
80 102
80 103
80 106
80 108
80 109
80 112
80 113
80 116
80 117
80 119
80 120
80 124
80 126
80 127
80 128
80 131
80 133
80 136
80 139
80 140
80 141
80 143
80 145
80 147
80 148
80 149
80 153
80 154
80 155
80 158
80 160
80 161
80 164
80 165
80 166
80 167
80 168
80 169
80 172
80 179
80 182
80 184
80 186
80 187
80 188
80 189
80 191
81 82
81 83
81 84
81 85
81 87
81 88
81 92
81 93
81 96
81 97
81 102
81 103
81 104
81 105
81 107
81 110
81 111
81 114
81 115
81 116
81 117
81 120
81 124
81 126
81 127
81 128
81 133
81 136
81 138
81 139
81 140
81 141
81 142
81 143
81 144
81 145
81 146
81 147
81 149
81 153
81 156
81 158
81 161
81 163
81 164
81 167
81 173
81 174
81 175
81 178
81 179
81 180
81 181
81 182
81 183
81 185
81 1009
82 85
82 86
82 87
82 89
82 90
82 93
82 94
82 95
82 96
82 97
82 99
82 100
82 102
82 103
82 104
82 106
82 107
82 109
82 110
82 113
82 116
82 117
82 118
82 119
82 120
82 121
82 126
82 128
82 129
82 132
82 133
82 134
82 135
82 137
82 143
82 145
82 146
82 147
82 148
82 149
82 150
82 152
82 154
82 157
82 159
82 160
82 163
82 164
82 165
82 168
82 170
82 174
82 175
82 177
82 178
83 84
83 86
83 89
83 90
83 94
83 98
83 103
83 105
83 109
83 110
83 111
83 114
83 115
83 117
83 118
83 120
83 121
83 122
83 123
83 124
83 125
83 127
83 128
83 129
83 136
83 137
83 139
83 140
83 141
83 142
83 143
83 145
83 146
83 148
83 151
83 154
83 157
83 161
83 163
83 164
83 170
83 171
83 173
83 175
83 177
83 178
83 179
83 181
83 184
83 186
83 189
83 193
83 195
83 196
83 197
84 64
84 87
84 88
84 91
84 92
84 96
84 98
84 99
84 108
84 110
84 111
84 112
84 113
84 115
84 116
84 120
84 128
84 133
84 136
84 138
84 141
84 142
84 143
84 144
84 145
84 148
84 152
84 163
84 164
84 165
84 167
84 169
84 171
84 174
84 175
84 177
84 178
84 179
84 180
84 182
84 183
84 186
84 187
84 188
84 190
84 191
84 192
84 193
84 194
84 199
84 201
84 203
84 204
84 205
84 207
84 209
85 86
85 87
85 91
85 93
85 94
85 95
85 96
85 98
85 100
85 101
85 102
85 103
85 105
85 106
85 110
85 111
85 112
85 115
85 116
85 117
85 118
85 122
85 123
85 130
85 132
85 133
85 136
85 139
85 140
85 141
85 149
85 150
85 153
85 154
85 155
85 158
85 159
85 161
85 162
85 163
85 169
85 170
85 174
85 177
85 178
85 180
85 181
85 182
85 185
85 186
85 187
85 191
85 192
85 193
85 194
86 37
86 87
86 88
86 89
86 91
86 95
86 99
86 100
86 101
86 102
86 103
86 104
86 106
86 110
86 112
86 114
86 115
86 116
86 118
86 121
86 123
86 124
86 125
86 127
86 131
86 132
86 134
86 136
86 141
86 142
86 144
86 145
86 147
86 150
86 151
86 152
86 153
86 155
86 156
86 160
86 162
86 166
86 167
86 170
86 173
86 175
86 178
86 181
86 182
86 183
86 184
86 186
86 190
86 191
86 192
86 193
86 626
87 89
87 90
87 91
87 92
87 94
87 95
87 97
87 100
87 100
87 101
87 102
87 105
87 107
87 109
87 112
87 115
87 116
87 118
87 121
87 124
87 125
87 126
87 127
87 131
87 133
87 134
87 136
87 139
87 140
87 141
87 146
87 147
87 149
87 150
87 153
87 155
87 156
87 157
87 158
87 159
87 160
87 166
87 170
87 171
87 172
87 173
87 175
87 177
87 177
87 178
87 180
87 184
87 185
87 186
87 188
87 189
87 191
87 521
87 661
87 831
88 101
90 856
92 792
93 14
93 114
93 313
93 477
93 671
93 768
97 194
99 697
100 695
101 27
102 427
102 525
102 724
103 446
103 1011
107 673
108 372
110 539
110 601
110 685
111 1032
112 234
116 1036
118 453
119 95
119 99
119 1038
121 714
121 750
122 884
122 903
123 545
123 727
123 947
124 422
125 970
126 866
126 924
126 952
127 957
128 126
129 204
131 420
132 78
132 803
134 80
134 743
138 52
138 376
138 622
143 373
143 769
144 1100
145 444
145 647
147 133
147 312
150 573
151 462
151 841
153 1046
154 451
154 999
155 1111
156 789
159 15
159 191
159 289
160 278
162 112
164 329
165 1017
169 983
172 89
172 439
172 1073
176 192
177 656
177 864
178 344
178 629
179 1076
181 484
182 721
182 851
183 249
183 322
184 353
184 775
185 197
185 941
185 985
186 490
187 285
188 531
189 690
196 979
198 757
198 765
199 29
199 237
199 314
199 407
199 456
199 967
199 1040
200 90
200 409
204 674
205 186
205 980
210 1054
211 732
212 449
213 845
214 871
214 945
215 382
215 1012
217 6
223 748
224 800
224 819
224 1049
225 211
225 426
228 295
228 741
229 251
229 526
229 754
229 915
230 336
230 412
231 988
232 253
232 363
232 749
232 833
232 838
232 891
232 933
232 1016
236 1087
237 18
237 59
237 551
238 555
239 393
239 466
240 629
242 879
245 10
245 120
245 1088
246 226
246 728
247 1024
247 1070
250 888
251 102
252 718
252 828
252 850
255 215
255 580
256 561
256 573
256 1067
259 56
259 350
261 761
262 213
262 971
262 1013
265 297
265 927
266 566
272 843
274 457
274 797
275 323
276 651
276 1085
277 475
278 152
279 405
280 238
280 542
280 954
281 430
281 524
281 692
281 830
282 216
282 250
282 811
283 333
284 9
284 519
285 823
287 305
289 79
289 327
289 355
289 553
289 717
290 702
293 173
294 977
296 650
298 44
298 146
298 640
298 1008
299 496
302 698
306 842
306 892
307 852
307 870
308 327
311 1082
312 417
314 7
314 246
314 325
314 397
314 408
314 517
315 540
315 589
315 709
315 827
316 40
316 199
316 232
316 248
316 345
316 381
316 471
316 737
316 848
316 1047
317 701
318 783
321 804
321 822
321 944
323 475
325 239
325 522
325 612
325 895
325 948
328 209
328 1060
332 103
332 281
332 326
332 587
332 829
333 335
334 942
336 934
338 493
338 617
338 708
338 997
340 48
340 292
340 459
340 905
341 392
344 840
344 1063
345 12
345 159
345 210
345 272
345 581
345 849
345 920
345 1010
346 1019
348 28
348 402
351 330
353 739
354 8
355 973
357 22
357 696
358 377
358 1083
361 503
361 776
361 835
361 1065
362 198
362 255
362 264
362 500
362 686
362 964
363 62
363 472
363 507
363 618
368 744
369 33
369 276
369 284
369 380
369 773
369 814
369 868
371 165
372 170
373 16
373 220
373 498
373 894
375 228
375 983
377 301
378 1112
380 752
380 863
381 45
381 49
381 375
381 530
381 1035
381 1075
385 955
385 1005
385 1097
386 300
386 568
387 499
388 147
388 1055
389 11
389 217
389 665
389 763
389 1094
392 652
396 130
396 806
396 1000
397 630
397 771
400 85
400 241
400 415
400 679
401 664
402 649
402 764
404 631
406 609
407 115
407 348
407 351
407 391
407 510
407 523
407 535
407 758
407 922
408 338
410 144
410 887
410 1061
413 411
417 681
418 975
420 41
420 1078
421 124
421 340
421 854
421 953
423 478
425 799
430 1025
432 653
434 64
440 5
440 61
441 433
441 667
441 813
441 1045
442 242
442 309
442 1021
443 818
444 262
450 286
450 378
450 1106
456 66
456 161
456 291
456 820
463 254
464 379
466 687
468 286
470 32
470 229
470 468
470 616
470 624
470 693
470 700
471 332
471 440
471 869
472 972
473 73
473 578
473 636
474 370
474 981
474 1105
476 1004
478 343
480 925
484 1054
486 189
486 306
486 452
486 1069
488 118
489 938
490 55
490 577
491 328
491 368
492 461
492 583
492 610
492 1068
495 774
498 949
499 75
499 141
499 256
499 356
499 369
499 780
499 826
499 923
500 35
500 214
501 575
501 908
501 1007
501 1041
502 139
503 676
504 431
505 982
507 766
510 648
512 349
512 529
515 360
515 464
517 26
517 1006
519 171
519 846
519 1074
520 127
520 810
520 857
521 273
524 20
527 97
527 658
528 593
530 150
530 247
530 485
530 1064
531 711
532 932
532 1093
533 502
534 460
540 443
541 511
541 1034
542 494
543 390
543 921
547 207
547 976
547 990
549 160
549 167
549 354
549 611
549 644
549 998
551 290
551 643
553 1090
559 162
560 258
561 960
564 179
564 655
569 946
571 188
571 319
575 352
575 881
577 678
577 779
578 514
579 394
580 138
580 513
581 388
582 546
583 202
583 862
584 853
585 902
587 72
590 359
595 370
596 180
605 626
608 832
609 342
609 1072
610 469
611 448
614 479
616 512
616 1058
618 637
618 825
619 236
619 1110
620 25
620 491
620 672
620 755
620 801
620 1052
620 1109
621 585
621 802
621 909
621 1031
622 562
625 63
627 929
628 267
630 837
636 974
637 815
640 729
641 154
641 183
641 259
641 261
641 357
642 546
643 190
644 0
644 534
644 704
646 467
646 614
648 398
648 634
651 395
655 795
656 563
656 992
657 821
658 135
662 200
663 506
665 1030
669 178
669 677
670 560
674 1066
677 731
679 625
682 13
682 86
682 597
682 912
682 935
682 959
683 438
684 108
684 230
686 342
687 762
688 883
689 882
690 787
690 1042
691 175
691 896
692 418
693 3
693 385
693 654
693 713
694 747
695 366
699 117
700 92
700 537
700 733
700 861
702 715
703 615
709 151
709 970
710 367
710 638
710 722
712 995
713 1
713 129
713 155
713 404
718 509
720 495
725 310
725 481
725 1033
725 1053
726 166
726 554
730 623
730 684
730 878
731 233
733 265
733 619
733 1001
733 1091
736 487
736 860
736 1037
737 358
737 421
737 732
737 736
737 961
738 153
741 218
742 320
742 383
746 23
746 621
746 805
747 384
749 541
750 252
750 403
750 549
750 936
752 770
754 110
754 222
755 410
755 876
757 559
757 996
758 548
758 872
758 989
760 777
762 931
763 386
763 463
763 890
765 71
765 642
766 516
767 311
767 572
769 586
769 785
770 712
771 627
772 900
772 1057
773 470
773 663
773 809
773 965
774 58
778 245
778 688
778 726
780 176
780 181
780 193
780 287
780 584
783 364
783 1092
784 163
791 94
792 650
793 454
796 294
801 907
802 901
802 906
802 951
804 832
805 51
805 416
808 195
810 576
810 1050
813 277
813 880
813 1039
814 447
814 914
814 937
814 1077
816 556
817 269
818 206
818 564
819 465
821 87
821 588
822 303
822 324
822 329
823 1059
825 497
826 302
826 1026
826 1056
826 1095
827 474
829 660
831 786
833 590
833 608
833 919
835 54
836 419
837 1023
838 39
838 893
839 480
842 978
849 605
850 489
854 109
855 509
856 558
857 341
858 143
858 157
858 315
858 668
858 670
858 753
859 817
860 132
860 243
860 279
860 361
860 662
860 794
860 873
860 1079
862 606
863 843
863 913
865 268
865 396
865 437
865 505
865 567
866 91
866 552
868 504
870 339
872 557
872 1020
873 42
873 43
873 607
874 1103
875 1108
877 68
878 293
878 400
878 570
880 205
882 454
884 436
886 738
886 839
887 201
887 1062
888 10
891 121
891 134
891 223
894 219
894 299
894 307
894 334
895 208
898 482
903 337
904 30
904 84
904 734
909 424
910 645
910 1107
911 227
912 672
914 187
915 855
916 76
916 666
918 593
919 691
921 790
922 331
922 847
922 1081
923 81
924 374
926 723
927 288
928 172
928 317
928 533
928 784
928 1048
929 707
930 544
930 574
933 122
933 156
936 419
936 628
937 106
937 476
938 235
938 939
940 984
945 104
950 224
950 602
950 963
953 994
957 591
959 689
959 751
965 2
965 164
965 263
965 318
965 346
965 406
965 680
965 865
966 270
966 798
967 50
967 834
967 859
967 867
967 1044
967 1086
969 448
971 82
971 269
971 347
976 889
977 1084
980 266
981 414
984 47
984 212
984 598
985 917
987 194
989 719
989 808
989 875
997 1080
998 38
998 600
1000 4
1001 435
1001 483
1001 1029
1003 1042
1010 113
1010 740
1010 782
1012 1104
1013 21
1014 282
1014 791
1015 57
1016 565
1019 19
1019 260
1019 899
1020 46
1021 257
1021 613
1023 745
1024 148
1024 518
1026 34
1026 1099
1027 599
1028 429
1032 149
1035 53
1035 65
1035 639
1035 1022
1037 140
1037 824
1038 168
1038 501
1038 632
1038 1096
1039 125
1039 550
1039 694
1039 788
1041 434
1044 119
1044 145
1044 280
1044 596
1044 641
1044 683
1044 956
1045 60
1045 128
1045 918
1047 93
1047 492
1047 778
1047 858
1047 969
1048 274
1048 442
1049 428
1050 208
1050 699
1050 911
1051 532
1053 682
1053 916
1057 458
1057 488
1057 592
1058 96
1058 432
1062 528
1062 1100
1063 146
1064 646
1065 174
1065 807
1065 993
1066 493
1067 844
1068 657
1069 986
1070 543
1070 595
1072 707
1075 88
1075 203
1075 321
1075 520
1075 1018
1077 1098
1079 536
1081 836
1083 142
1083 365
1083 659
1083 910
1085 304
1086 508
1086 1089
1088 296
1088 767
1089 182
1091 116
1094 83
1094 720
1094 725
1094 756
1094 772
1095 308
1095 594
1095 781
1095 968
1097 653
1097 812
1102 36
1102 240
1102 244
1102 455
1102 730
1102 874
1105 401
1105 1051
1107 395
1107 413
1108 809
1110 221
1110 706
1111 425
