nodes: 522 edges: 7011
0 1
0 2
0 4
0 9
0 11
0 14
0 15
0 17
0 22
0 24
0 25
0 26
0 28
0 29
0 30
0 31
0 32
0 33
0 34
0 35
0 36
0 37
0 38
0 40
0 43
0 44
0 45
0 49
0 51
0 52
0 55
0 57
0 58
0 59
0 60
0 63
0 64
0 66
0 68
0 69
0 70
0 71
0 72
0 74
0 77
0 78
0 78
0 81
0 83
0 84
0 85
0 86
0 87
0 88
0 89
0 91
1 2
1 3
1 4
1 5
1 6
1 8
1 9
1 12
1 13
1 14
1 15
1 19
1 22
1 24
1 27
1 28
1 29
1 31
1 32
1 33
1 34
1 35
1 39
1 40
1 42
1 43
1 45
1 47
1 48
1 49
1 51
1 52
1 53
1 58
1 59
1 60
1 62
1 64
1 65
1 67
1 69
1 70
1 71
1 72
1 73
1 74
1 75
1 79
1 80
1 82
1 84
1 86
1 91
1 92
1 96
1 194
2 3
2 5
2 6
2 7
2 10
2 12
2 13
2 14
2 15
2 17
2 18
2 19
2 21
2 23
2 24
2 26
2 30
2 35
2 38
2 39
2 42
2 47
2 48
2 49
2 50
2 53
2 57
2 58
2 63
2 64
2 65
2 67
2 68
2 69
2 71
2 72
2 74
2 76
2 78
2 80
2 81
2 84
2 90
2 92
2 94
2 95
2 97
2 101
2 102
2 104
2 106
2 110
2 112
2 113
2 115
2 128
3 4
3 5
3 6
3 8
3 9
3 11
3 13
3 15
3 21
3 22
3 32
3 33
3 34
3 36
3 38
3 39
3 40
3 43
3 45
3 46
3 48
3 49
3 50
3 53
3 57
3 60
3 63
3 64
3 65
3 66
3 67
3 68
3 69
3 74
3 77
3 78
3 84
3 86
3 87
3 88
3 91
3 96
3 102
3 103
3 106
3 107
3 108
3 109
3 113
3 114
3 119
3 120
3 121
3 122
3 123
3 124
3 131
3 401
4 11
4 12
4 15
4 16
4 21
4 23
4 24
4 26
4 27
4 29
4 30
4 31
4 33
4 34
4 36
4 37
4 38
4 39
4 41
4 45
4 46
4 47
4 48
4 49
4 50
4 53
4 55
4 56
4 57
4 59
4 61
4 62
4 67
4 69
4 79
4 83
4 85
4 86
4 87
4 90
4 92
4 95
4 96
4 97
4 98
4 101
4 102
4 105
4 106
4 107
4 108
4 109
4 110
4 113
4 115
5 8
5 12
5 14
5 15
5 16
5 18
5 20
5 21
5 25
5 27
5 33
5 34
5 35
5 36
5 37
5 41
5 42
5 43
5 44
5 45
5 46
5 48
5 48
5 50
5 54
5 55
5 56
5 57
5 58
5 60
5 61
5 64
5 70
5 72
5 73
5 74
5 75
5 78
5 80
5 82
5 84
5 87
5 88
5 89
5 90
5 92
5 95
5 98
5 99
5 100
5 102
5 103
5 116
5 117
5 120
5 121
6 7
6 8
6 9
6 11
6 13
6 15
6 16
6 18
6 19
6 25
6 26
6 29
6 30
6 34
6 36
6 37
6 38
6 39
6 41
6 42
6 44
6 48
6 49
6 50
6 53
6 57
6 58
6 60
6 66
6 67
6 68
6 69
6 70
6 71
6 72
6 73
6 74
6 76
6 77
6 78
6 79
6 80
6 84
6 85
6 86
6 89
6 92
6 93
6 94
6 98
6 99
6 101
6 102
6 103
6 104
6 515
7 10
7 11
7 12
7 16
7 20
7 22
7 24
7 27
7 29
7 31
7 32
7 35
7 37
7 40
7 41
7 43
7 45
7 46
7 48
7 49
7 52
7 53
7 54
7 58
7 59
7 60
7 61
7 63
7 64
7 66
7 68
7 69
7 74
7 77
7 79
7 80
7 82
7 85
7 86
7 91
7 94
7 96
7 97
7 101
7 104
7 105
7 106
7 107
7 109
7 110
7 111
7 112
7 113
7 115
7 116
7 459
8 9
8 10
8 16
8 19
8 21
8 23
8 24
8 25
8 26
8 28
8 29
8 31
8 33
8 36
8 37
8 39
8 41
8 42
8 43
8 44
8 45
8 48
8 49
8 50
8 54
8 55
8 56
8 57
8 58
8 60
8 62
8 63
8 66
8 67
8 71
8 72
8 74
8 75
8 76
8 77
8 78
8 79
8 81
8 84
8 85
8 87
8 88
8 89
8 95
8 97
8 100
8 105
8 108
8 109
8 113
8 125
8 441
9 14
9 15
9 16
9 21
9 25
9 26
9 27
9 28
9 31
9 33
9 35
9 36
9 37
9 38
9 41
9 46
9 48
9 52
9 54
9 62
9 63
9 67
9 69
9 71
9 73
9 76
9 77
9 78
9 80
9 81
9 82
9 87
9 88
9 89
9 90
9 91
9 94
9 97
9 98
9 101
9 103
9 107
9 109
9 115
9 119
9 120
9 121
9 122
9 123
9 127
9 129
9 130
9 131
9 132
9 133
9 140
10 11
10 13
10 14
10 16
10 18
10 19
10 20
10 21
10 24
10 31
10 33
10 35
10 36
10 39
10 41
10 44
10 46
10 47
10 48
10 49
10 50
10 51
10 52
10 54
10 55
10 59
10 60
10 61
10 62
10 63
10 65
10 66
10 68
10 69
10 71
10 72
10 73
10 74
10 75
10 76
10 78
10 79
10 80
10 81
10 82
10 83
10 84
10 85
10 87
10 94
10 96
10 97
10 103
10 104
10 107
11 14
11 15
11 16
11 17
11 18
11 21
11 24
11 25
11 26
11 29
11 32
11 33
11 34
11 35
11 37
11 39
11 41
11 42
11 46
11 47
11 48
11 51
11 52
11 53
11 55
11 57
11 61
11 62
11 63
11 67
11 69
11 71
11 72
11 73
11 75
11 83
11 84
11 85
11 86
11 87
11 88
11 89
11 91
11 92
11 93
11 94
11 97
11 98
11 99
11 100
11 104
11 106
11 107
11 110
11 112
12 13
12 14
12 15
12 17
12 18
12 22
12 23
12 25
12 27
12 31
12 37
12 38
12 39
12 40
12 42
12 43
12 47
12 48
12 49
12 51
12 52
12 54
12 55
12 56
12 57
12 58
12 59
12 60
12 61
12 63
12 71
12 73
12 74
12 75
12 76
12 78
12 82
12 84
12 87
12 88
12 90
12 93
12 94
12 99
12 102
12 103
12 104
12 105
12 106
12 109
12 112
12 113
12 114
12 115
12 118
12 185
13 15
13 16
13 17
13 19
13 20
13 21
13 22
13 23
13 24
13 26
13 30
13 31
13 32
13 35
13 41
13 43
13 44
13 49
13 50
13 51
13 52
13 53
13 54
13 55
13 56
13 57
13 58
13 61
13 62
13 63
13 64
13 65
13 66
13 67
13 69
13 71
13 72
13 74
13 75
13 76
13 77
13 79
13 80
13 82
13 85
13 86
13 87
13 89
13 92
13 93
13 96
13 98
13 100
13 101
13 102
13 410
13 417
14 15
14 16
14 20
14 21
14 22
14 24
14 25
14 30
14 32
14 36
14 38
14 39
14 41
14 45
14 46
14 50
14 58
14 59
14 64
14 65
14 66
14 68
14 70
14 71
14 73
14 75
14 76
14 77
14 79
14 81
14 86
14 89
14 91
14 92
14 93
14 97
14 98
14 99
14 101
14 102
14 106
14 109
14 110
14 111
14 113
14 114
14 117
14 119
14 121
14 124
14 125
14 131
14 132
14 133
14 135
14 220
14 390
15 19
15 20
15 22
15 23
15 24
15 25
15 32
15 34
15 35
15 41
15 42
15 44
15 45
15 47
15 49
15 50
15 51
15 54
15 55
15 56
15 57
15 58
15 61
15 63
15 64
15 66
15 68
15 69
15 70
15 73
15 74
15 76
15 79
15 80
15 81
15 82
15 83
15 84
15 85
15 92
15 94
15 95
15 97
15 98
15 99
15 100
15 101
15 102
15 104
15 105
15 107
15 110
15 115
15 116
15 117
16 17
16 19
16 20
16 21
16 26
16 28
16 29
16 33
16 34
16 35
16 36
16 39
16 40
16 43
16 45
16 46
16 47
16 49
16 50
16 54
16 56
16 57
16 60
16 62
16 63
16 64
16 65
16 66
16 69
16 70
16 72
16 73
16 76
16 79
16 82
16 84
16 86
16 87
16 90
16 91
16 92
16 93
16 94
16 95
16 96
16 98
16 99
16 100
16 103
16 105
16 106
16 108
16 111
16 112
16 114
16 264
16 327
16 331
16 507
17 18
17 20
17 22
17 23
17 26
17 27
17 31
17 32
17 34
17 36
17 37
17 38
17 39
17 42
17 43
17 45
17 46
17 49
17 51
17 53
17 54
17 58
17 63
17 64
17 65
17 72
17 77
17 78
17 84
17 85
17 87
17 88
17 90
17 91
17 93
17 95
17 96
17 97
17 101
17 102
17 103
17 104
17 110
17 112
17 115
17 116
17 118
17 120
17 121
17 122
17 126
17 131
17 132
17 133
17 134
17 135
17 416
17 479
18 19
18 24
18 26
18 27
18 28
18 29
18 30
18 32
18 35
18 40
18 41
18 43
18 44
18 46
18 52
18 53
18 57
18 59
18 61
18 62
18 65
18 71
18 72
18 73
18 74
18 75
18 76
18 79
18 81
18 82
18 86
18 91
18 92
18 94
18 95
18 96
18 97
18 99
18 100
18 104
18 106
18 107
18 108
18 109
18 110
18 115
18 121
18 124
18 127
18 129
18 134
18 135
18 136
18 143
18 144
19 20
19 21
19 26
19 27
19 28
19 29
19 30
19 32
19 36
19 38
19 43
19 44
19 45
19 46
19 48
19 49
19 51
19 52
19 54
19 56
19 57
19 60
19 61
19 62
19 64
19 67
19 68
19 70
19 72
19 74
19 77
19 82
19 83
19 84
19 85
19 87
19 88
19 89
19 90
19 91
19 94
19 96
19 97
19 98
19 99
19 101
19 103
19 104
19 106
19 115
19 117
19 120
19 122
19 123
19 125
19 433
19 520
20 23
20 24
20 25
20 27
20 28
20 30
20 31
20 34
20 35
20 37
20 39
20 41
20 42
20 44
20 45
20 47
20 48
20 51
20 53
20 54
20 55
20 56
20 57
20 60
20 61
20 62
20 65
20 66
20 67
20 68
20 71
20 72
20 73
20 75
20 76
20 79
20 81
20 85
20 86
20 92
20 93
20 96
20 99
20 100
20 101
20 103
20 104
20 107
20 108
20 116
20 117
20 118
20 120
20 124
20 125
20 462
21 22
21 23
21 28
21 29
21 30
21 32
21 33
21 36
21 38
21 39
21 40
21 43
21 44
21 47
21 48
21 52
21 53
21 54
21 55
21 57
21 59
21 61
21 62
21 66
21 68
21 73
21 74
21 77
21 81
21 84
21 85
21 86
21 87
21 89
21 94
21 95
21 98
21 103
21 105
21 107
21 113
21 115
21 118
21 123
21 125
21 129
21 133
21 135
21 136
21 138
21 140
21 142
21 145
21 148
21 152
21 422
21 499
22 25
22 26
22 27
22 29
22 30
22 32
22 33
22 36
22 41
22 42
22 43
22 45
22 47
22 49
22 52
22 53
22 55
22 57
22 59
22 61
22 62
22 71
22 74
22 77
22 79
22 80
22 81
22 82
22 84
22 86
22 87
22 88
22 90
22 92
22 93
22 94
22 95
22 96
22 97
22 100
22 103
22 104
22 105
22 107
22 111
22 112
22 113
22 115
22 116
22 117
22 120
22 123
22 129
22 130
22 131
23 24
23 25
23 28
23 29
23 31
23 32
23 34
23 35
23 37
23 38
23 39
23 40
23 45
23 46
23 47
23 49
23 50
23 52
23 54
23 56
23 57
23 58
23 61
23 62
23 63
23 64
23 65
23 67
23 68
23 69
23 70
23 71
23 74
23 75
23 78
23 79
23 81
23 83
23 85
23 87
23 88
23 91
23 96
23 99
23 100
23 102
23 104
23 106
23 107
23 108
23 109
23 111
23 112
23 113
23 114
23 115
24 26
24 30
24 31
24 32
24 33
24 35
24 38
24 39
24 40
24 42
24 43
24 44
24 45
24 50
24 53
24 56
24 57
24 58
24 59
24 61
24 63
24 66
24 67
24 68
24 72
24 73
24 76
24 77
24 81
24 82
24 85
24 86
24 89
24 92
24 93
24 94
24 95
24 96
24 97
24 98
24 104
24 107
24 108
24 109
24 110
24 111
24 113
24 114
24 119
24 122
24 125
24 126
24 127
24 130
24 135
25 26
25 29
25 32
25 33
25 35
25 41
25 42
25 44
25 45
25 46
25 48
25 51
25 54
25 57
25 58
25 59
25 62
25 63
25 64
25 66
25 69
25 70
25 72
25 73
25 74
25 76
25 77
25 78
25 79
25 80
25 81
25 84
25 86
25 87
25 89
25 94
25 95
25 99
25 101
25 102
25 104
25 106
25 108
25 112
25 116
25 118
25 120
25 121
25 124
25 125
25 126
25 127
25 128
25 129
25 130
26 31
26 32
26 33
26 34
26 36
26 38
26 42
26 43
26 47
26 48
26 49
26 51
26 55
26 56
26 57
26 58
26 60
26 61
26 62
26 63
26 65
26 70
26 75
26 77
26 78
26 81
26 83
26 84
26 85
26 88
26 90
26 91
26 102
26 103
26 106
26 108
26 109
26 111
26 112
26 113
26 114
26 115
26 119
26 121
26 122
26 124
26 125
26 126
26 127
26 128
26 135
26 137
26 143
26 144
26 146
26 254
26 278
27 28
27 32
27 33
27 34
27 35
27 36
27 37
27 39
27 44
27 45
27 46
27 47
27 48
27 51
27 52
27 54
27 55
27 56
27 59
27 60
27 62
27 63
27 64
27 65
27 67
27 68
27 71
27 73
27 74
27 76
27 77
27 78
27 79
27 80
27 81
27 82
27 88
27 90
27 92
27 93
27 94
27 95
27 98
27 99
27 100
27 102
27 103
27 104
27 105
27 109
27 110
27 111
27 112
27 114
27 115
28 29
28 31
28 32
28 33
28 37
28 38
28 39
28 40
28 41
28 42
28 45
28 47
28 49
28 53
28 54
28 55
28 57
28 58
28 59
28 64
28 65
28 68
28 69
28 71
28 74
28 76
28 77
28 78
28 79
28 81
28 83
28 85
28 86
28 87
28 93
28 96
28 98
28 99
28 100
28 101
28 102
28 103
28 104
28 106
28 109
28 111
28 113
28 123
28 129
28 130
28 134
28 136
28 139
28 140
28 141
28 285
29 30
29 32
29 37
29 38
29 39
29 42
29 47
29 48
29 54
29 56
29 58
29 59
29 66
29 67
29 70
29 71
29 72
29 75
29 76
29 77
29 78
29 79
29 80
29 81
29 82
29 84
29 85
29 86
29 87
29 89
29 90
29 91
29 94
29 95
29 96
29 98
29 101
29 103
29 104
29 105
29 106
29 107
29 109
29 110
29 112
29 113
29 114
29 117
29 118
29 119
29 120
29 121
29 122
29 124
29 125
29 512
30 32
30 33
30 34
30 38
30 41
30 44
30 45
30 47
30 55
30 56
30 57
30 61
30 62
30 63
30 65
30 66
30 68
30 71
30 72
30 73
30 74
30 77
30 81
30 82
30 85
30 86
30 88
30 89
30 93
30 94
30 95
30 96
30 98
30 99
30 100
30 101
30 102
30 103
30 106
30 108
30 112
30 113
30 114
30 116
30 120
30 122
30 124
30 125
30 126
30 132
30 133
30 134
30 136
30 138
30 145
30 166
30 281
30 366
31 34
31 35
31 36
31 37
31 39
31 45
31 48
31 50
31 51
31 53
31 54
31 58
31 59
31 61
31 62
31 63
31 64
31 65
31 67
31 69
31 71
31 72
31 74
31 76
31 77
31 78
31 80
31 86
31 87
31 88
31 89
31 90
31 91
31 93
31 96
31 97
31 98
31 101
31 102
31 104
31 105
31 107
31 108
31 110
31 111
31 112
31 113
31 118
31 121
31 126
31 128
31 131
31 132
31 133
31 135
31 218
32 33
32 34
32 36
32 37
32 38
32 39
32 41
32 42
32 43
32 53
32 54
32 58
32 59
32 63
32 66
32 67
32 69
32 71
32 72
32 76
32 79
32 82
32 83
32 84
32 85
32 89
32 92
32 96
32 97
32 99
32 102
32 103
32 105
32 106
32 108
32 110
32 111
32 112
32 113
32 114
32 116
32 120
32 121
32 125
32 126
32 128
32 132
32 135
32 137
32 139
32 142
32 144
32 156
32 157
32 158
32 391
33 34
33 37
33 38
33 39
33 40
33 41
33 43
33 44
33 45
33 51
33 56
33 60
33 62
33 64
33 65
33 66
33 69
33 70
33 72
33 75
33 76
33 77
33 79
33 80
33 82
33 83
33 87
33 88
33 89
33 91
33 92
33 94
33 95
33 96
33 97
33 100
33 101
33 102
33 103
33 104
33 106
33 107
33 110
33 111
33 112
33 113
33 118
33 119
33 121
33 123
33 126
33 128
33 129
33 130
33 131
34 37
34 39
34 42
34 43
34 48
34 49
34 50
34 51
34 54
34 55
34 56
34 57
34 58
34 59
34 60
34 62
34 63
34 64
34 65
34 67
34 71
34 73
34 75
34 76
34 80
34 84
34 85
34 86
34 89
34 92
34 95
34 97
34 99
34 100
34 101
34 102
34 103
34 107
34 108
34 110
34 111
34 115
34 117
34 119
34 123
34 124
34 126
34 127
34 128
34 129
34 131
34 132
34 135
34 141
34 144
35 36
35 37
35 38
35 39
35 40
35 41
35 42
35 43
35 44
35 45
35 46
35 48
35 49
35 51
35 53
35 55
35 57
35 60
35 64
35 65
35 66
35 68
35 69
35 72
35 78
35 79
35 80
35 84
35 85
35 86
35 89
35 92
35 93
35 97
35 99
35 101
35 104
35 106
35 108
35 110
35 111
35 112
35 113
35 114
35 117
35 120
35 121
35 122
35 123
35 124
35 126
35 127
35 128
35 130
35 131
35 132
36 39
36 40
36 43
36 44
36 47
36 52
36 53
36 55
36 56
36 57
36 58
36 60
36 64
36 65
36 68
36 69
36 70
36 72
36 74
36 78
36 79
36 83
36 84
36 86
36 89
36 91
36 92
36 96
36 98
36 99
36 100
36 101
36 102
36 103
36 109
36 110
36 111
36 113
36 114
36 116
36 118
36 121
36 124
36 125
36 126
36 129
36 130
36 131
36 132
36 133
36 139
36 141
36 142
36 144
36 145
37 39
37 43
37 45
37 46
37 47
37 56
37 60
37 62
37 63
37 65
37 67
37 68
37 70
37 72
37 75
37 77
37 83
37 84
37 87
37 88
37 89
37 90
37 94
37 95
37 97
37 98
37 100
37 101
37 104
37 105
37 109
37 110
37 111
37 112
37 115
37 117
37 121
37 122
37 124
37 126
37 126
37 128
37 131
37 133
37 134
37 136
37 137
37 139
37 140
37 143
37 145
37 146
37 148
37 150
37 151
37 152
37 153
37 243
38 39
38 45
38 46
38 51
38 53
38 54
38 55
38 56
38 58
38 60
38 61
38 63
38 64
38 66
38 67
38 68
38 69
38 71
38 72
38 76
38 78
38 85
38 89
38 92
38 94
38 95
38 97
38 98
38 99
38 100
38 104
38 106
38 107
38 109
38 110
38 113
38 116
38 118
38 119
38 121
38 124
38 126
38 129
38 131
38 136
38 137
38 138
38 139
38 146
38 147
38 150
38 151
38 153
38 155
38 157
38 283
38 350
39 41
39 43
39 44
39 45
39 47
39 49
39 50
39 51
39 52
39 55
39 56
39 57
39 59
39 60
39 61
39 62
39 64
39 66
39 69
39 70
39 71
39 72
39 73
39 78
39 79
39 81
39 82
39 83
39 84
39 88
39 89
39 90
39 91
39 92
39 93
39 94
39 99
39 100
39 101
39 102
39 103
39 108
39 110
39 111
39 112
39 117
39 120
39 123
39 125
39 126
39 128
39 132
39 133
39 135
39 137
39 245
40 24
40 47
40 52
40 53
40 54
40 57
40 58
40 60
40 61
40 62
40 63
40 64
40 70
40 73
40 74
40 76
40 78
40 83
40 84
40 86
40 87
40 89
40 92
40 93
40 96
40 98
40 100
40 103
40 104
40 105
40 106
40 107
40 108
40 111
40 112
40 113
40 114
40 115
40 116
40 118
40 121
40 122
40 124
40 127
40 128
40 129
40 133
40 138
40 142
40 143
40 144
40 145
40 148
40 149
40 150
40 152
40 153
40 521
41 43
41 44
41 45
41 49
41 52
41 53
41 54
41 56
41 60
41 61
41 63
41 66
41 69
41 70
41 71
41 73
41 75
41 76
41 78
41 80
41 82
41 83
41 84
41 88
41 89
41 91
41 96
41 99
41 100
41 101
41 105
41 107
41 111
41 112
41 115
41 116
41 117
41 118
41 119
41 121
41 124
41 125
41 127
41 131
41 135
41 137
41 139
41 144
41 147
41 148
41 149
41 152
41 153
41 154
41 157
42 43
42 44
42 46
42 47
42 51
42 52
42 55
42 56
42 57
42 60
42 61
42 62
42 64
42 67
42 69
42 70
42 72
42 73
42 75
42 76
42 78
42 79
42 81
42 82
42 84
42 85
42 88
42 94
42 97
42 98
42 102
42 103
42 104
42 112
42 113
42 115
42 117
42 118
42 120
42 122
42 125
42 126
42 127
42 130
42 133
42 135
42 138
42 141
42 144
42 145
42 151
42 152
42 153
42 156
42 157
42 279
43 26
43 35
43 44
43 46
43 50
43 52
43 53
43 55
43 56
43 59
43 61
43 63
43 64
43 65
43 66
43 70
43 72
43 73
43 74
43 75
43 76
43 77
43 78
43 79
43 82
43 83
43 84
43 85
43 86
43 87
43 92
43 93
43 94
43 95
43 97
43 100
43 102
43 103
43 104
43 106
43 107
43 109
43 110
43 114
43 115
43 116
43 118
43 120
43 122
43 124
43 124
43 127
43 129
43 131
43 132
43 133
43 134
43 135
43 435
44 45
44 50
44 51
44 53
44 55
44 56
44 59
44 61
44 62
44 63
44 64
44 65
44 68
44 69
44 71
44 73
44 75
44 77
44 78
44 80
44 82
44 85
44 88
44 93
44 94
44 95
44 97
44 98
44 99
44 100
44 101
44 103
44 105
44 108
44 109
44 110
44 111
44 112
44 117
44 118
44 120
44 122
44 125
44 128
44 129
44 130
44 132
44 133
44 134
44 135
44 138
44 140
44 144
44 146
44 148
44 151
44 455
45 46
45 51
45 53
45 54
45 57
45 60
45 62
45 63
45 67
45 68
45 69
45 71
45 74
45 78
45 86
45 92
45 93
45 94
45 97
45 107
45 108
45 110
45 111
45 112
45 116
45 117
45 120
45 121
45 122
45 126
45 127
45 128
45 129
45 131
45 132
45 135
45 140
45 143
45 144
45 145
45 149
45 150
45 154
45 155
45 156
45 161
45 163
45 164
45 165
45 166
45 168
45 170
45 173
45 176
45 177
45 207
46 47
46 48
46 49
46 50
46 53
46 54
46 54
46 55
46 56
46 57
46 58
46 59
46 64
46 67
46 69
46 72
46 73
46 76
46 78
46 79
46 80
46 82
46 84
46 87
46 89
46 91
46 92
46 93
46 98
46 100
46 103
46 105
46 108
46 109
46 110
46 112
46 113
46 114
46 118
46 119
46 120
46 122
46 124
46 126
46 131
46 137
46 138
46 141
46 142
46 143
46 144
46 145
46 147
46 148
46 151
46 152
46 277
47 48
47 49
47 50
47 53
47 55
47 59
47 62
47 63
47 64
47 65
47 69
47 70
47 71
47 72
47 73
47 77
47 78
47 80
47 81
47 82
47 84
47 89
47 93
47 95
47 96
47 97
47 100
47 101
47 105
47 106
47 108
47 111
47 114
47 115
47 118
47 120
47 121
47 127
47 128
47 131
47 132
47 133
47 134
47 135
47 138
47 139
47 142
47 145
47 149
47 150
47 152
47 153
47 154
47 156
47 157
48 49
48 52
48 53
48 54
48 56
48 58
48 59
48 60
48 61
48 64
48 68
48 69
48 70
48 72
48 77
48 80
48 81
48 87
48 88
48 89
48 91
48 94
48 100
48 108
48 109
48 115
48 117
48 118
48 119
48 121
48 125
48 128
48 131
48 134
48 135
48 136
48 137
48 140
48 141
48 142
48 144
48 154
48 155
48 156
48 160
48 163
48 164
48 166
48 168
48 170
48 173
48 174
48 177
48 179
48 180
49 51
49 52
49 54
49 55
49 56
49 59
49 60
49 62
49 63
49 65
49 67
49 68
49 70
49 73
49 74
49 78
49 81
49 82
49 83
49 84
49 86
49 88
49 92
49 97
49 99
49 100
49 101
49 104
49 107
49 108
49 109
49 110
49 112
49 115
49 117
49 119
49 120
49 122
49 125
49 126
49 127
49 128
49 129
49 130
49 132
49 134
49 136
49 139
49 141
49 142
49 144
49 145
49 147
49 148
49 149
49 219
49 407
50 53
50 54
50 56
50 58
50 60
50 63
50 65
50 66
50 67
50 71
50 75
50 77
50 78
50 79
50 80
50 81
50 82
50 85
50 88
50 90
50 91
50 95
50 96
50 98
50 101
50 102
50 103
50 110
50 112
50 119
50 121
50 124
50 125
50 129
50 131
50 134
50 138
50 145
50 149
50 152
50 154
50 156
50 157
50 162
50 163
50 164
50 165
50 166
50 167
50 169
50 170
50 171
50 172
50 173
50 174
51 53
51 54
51 57
51 58
51 59
51 61
51 62
51 62
51 63
51 64
51 67
51 69
51 74
51 80
51 81
51 82
51 83
51 84
51 87
51 89
51 94
51 96
51 97
51 101
51 103
51 107
51 110
51 113
51 114
51 117
51 118
51 119
51 124
51 126
51 133
51 134
51 139
51 142
51 143
51 149
51 150
51 152
51 154
51 155
51 156
51 157
51 158
51 159
51 161
51 163
51 164
51 165
51 166
51 167
51 171
51 172
52 54
52 56
52 58
52 60
52 61
52 62
52 63
52 64
52 65
52 68
52 71
52 72
52 74
52 75
52 77
52 78
52 86
52 87
52 89
52 93
52 94
52 95
52 97
52 98
52 99
52 102
52 105
52 106
52 108
52 111
52 115
52 119
52 120
52 122
52 123
52 125
52 126
52 129
52 131
52 132
52 133
52 135
52 140
52 141
52 143
52 145
52 146
52 147
52 148
52 150
52 155
52 157
52 158
52 160
52 164
52 165
53 58
53 60
53 66
53 67
53 71
53 72
53 73
53 74
53 75
53 76
53 79
53 81
53 82
53 83
53 84
53 85
53 91
53 93
53 94
53 95
53 96
53 106
53 107
53 108
53 109
53 112
53 114
53 116
53 120
53 122
53 124
53 125
53 126
53 128
53 129
53 131
53 132
53 133
53 140
53 142
53 143
53 145
53 147
53 150
53 152
53 156
53 158
53 161
53 162
53 163
53 164
53 165
53 168
53 169
53 171
54 56
54 58
54 59
54 61
54 62
54 63
54 64
54 74
54 75
54 76
54 79
54 81
54 83
54 84
54 86
54 88
54 93
54 94
54 97
54 101
54 103
54 107
54 110
54 111
54 112
54 116
54 118
54 122
54 123
54 128
54 129
54 130
54 131
54 133
54 134
54 135
54 136
54 140
54 141
54 145
54 149
54 153
54 155
54 156
54 157
54 158
54 159
54 161
54 164
54 165
54 166
54 167
54 168
54 169
54 170
54 496
55 56
55 58
55 60
55 61
55 62
55 66
55 67
55 68
55 69
55 70
55 71
55 74
55 75
55 78
55 80
55 81
55 82
55 83
55 86
55 89
55 91
55 94
55 99
55 100
55 101
55 102
55 105
55 106
55 107
55 108
55 109
55 112
55 113
55 114
55 115
55 117
55 118
55 120
55 121
55 125
55 130
55 131
55 132
55 135
55 139
55 142
55 144
55 146
55 151
55 153
55 161
55 163
55 168
55 169
55 170
55 270
55 323
56 57
56 60
56 65
56 66
56 69
56 71
56 74
56 80
56 81
56 83
56 84
56 85
56 86
56 87
56 88
56 90
56 91
56 92
56 94
56 96
56 97
56 99
56 102
56 103
56 107
56 108
56 109
56 110
56 111
56 115
56 118
56 119
56 121
56 123
56 124
56 125
56 127
56 128
56 129
56 131
56 132
56 134
56 136
56 139
56 140
56 142
56 143
56 144
56 146
56 148
56 149
56 150
56 153
56 154
56 156
57 60
57 63
57 64
57 68
57 70
57 72
57 73
57 74
57 77
57 78
57 83
57 85
57 88
57 90
57 91
57 94
57 98
57 101
57 104
57 106
57 109
57 110
57 113
57 114
57 116
57 117
57 118
57 120
57 121
57 122
57 123
57 124
57 125
57 126
57 127
57 129
57 130
57 133
57 134
57 135
57 136
57 139
57 141
57 142
57 143
57 145
57 148
57 149
57 150
57 151
57 153
57 155
57 156
57 158
57 160
57 198
58 59
58 60
58 63
58 69
58 70
58 71
58 72
58 75
58 80
58 83
58 85
58 89
58 91
58 97
58 98
58 99
58 101
58 103
58 104
58 106
58 108
58 109
58 112
58 113
58 115
58 116
58 120
58 122
58 129
58 131
58 133
58 134
58 135
58 141
58 143
58 144
58 145
58 146
58 147
58 149
58 155
58 155
58 158
58 159
58 160
58 162
58 163
58 164
58 165
58 168
58 169
58 170
58 175
58 177
58 180
58 182
58 276
58 315
58 509
59 62
59 64
59 68
59 69
59 71
59 73
59 74
59 77
59 80
59 81
59 82
59 83
59 85
59 86
59 89
59 90
59 93
59 99
59 101
59 103
59 104
59 106
59 108
59 109
59 111
59 116
59 117
59 120
59 122
59 123
59 129
59 130
59 131
59 132
59 133
59 134
59 135
59 142
59 143
59 144
59 146
59 147
59 149
59 150
59 152
59 156
59 157
59 158
59 161
59 162
59 163
59 164
59 166
59 167
59 169
60 62
60 63
60 64
60 66
60 68
60 70
60 71
60 72
60 73
60 75
60 80
60 82
60 83
60 84
60 86
60 92
60 93
60 95
60 96
60 96
60 98
60 99
60 100
60 101
60 103
60 104
60 105
60 109
60 111
60 112
60 113
60 116
60 117
60 118
60 124
60 125
60 128
60 129
60 130
60 131
60 139
60 140
60 141
60 148
60 149
60 150
60 151
60 152
60 154
60 155
60 156
60 160
60 166
60 168
60 169
60 169
60 172
60 175
60 260
60 367
60 425
61 62
61 63
61 63
61 65
61 66
61 68
61 69
61 71
61 73
61 75
61 76
61 77
61 79
61 80
61 82
61 83
61 84
61 86
61 91
61 94
61 96
61 99
61 101
61 103
61 105
61 109
61 114
61 115
61 120
61 126
61 128
61 133
61 136
61 138
61 141
61 143
61 144
61 145
61 148
61 150
61 152
61 155
61 157
61 159
61 161
61 165
61 166
61 168
61 172
61 177
61 180
61 181
61 185
61 188
61 189
61 190
62 22
62 67
62 73
62 74
62 75
62 76
62 78
62 81
62 84
62 85
62 86
62 87
62 88
62 90
62 91
62 93
62 94
62 96
62 103
62 104
62 106
62 108
62 109
62 111
62 116
62 118
62 119
62 120
62 121
62 123
62 125
62 126
62 128
62 129
62 132
62 133
62 135
62 136
62 137
62 138
62 139
62 140
62 141
62 145
62 146
62 148
62 149
62 153
62 154
62 156
62 157
62 159
62 162
62 163
62 166
62 170
62 215
63 64
63 67
63 70
63 71
63 73
63 78
63 79
63 81
63 83
63 84
63 85
63 87
63 88
63 89
63 91
63 92
63 93
63 95
63 97
63 98
63 99
63 101
63 103
63 106
63 108
63 109
63 110
63 111
63 112
63 116
63 118
63 119
63 120
63 123
63 127
63 131
63 132
63 135
63 137
63 138
63 139
63 143
63 144
63 145
63 146
63 149
63 152
63 155
63 157
63 164
63 165
63 167
63 168
63 169
63 172
63 219
63 359
64 66
64 67
64 69
64 71
64 72
64 73
64 76
64 78
64 81
64 82
64 83
64 85
64 86
64 87
64 88
64 91
64 92
64 93
64 96
64 97
64 98
64 99
64 99
64 100
64 101
64 102
64 104
64 105
64 106
64 108
64 109
64 110
64 115
64 116
64 117
64 118
64 118
64 119
64 121
64 125
64 126
64 127
64 128
64 129
64 131
64 133
64 135
64 137
64 139
64 140
64 141
64 142
64 144
64 145
64 146
64 147
64 149
65 66
65 68
65 69
65 72
65 73
65 74
65 75
65 77
65 78
65 80
65 81
65 83
65 84
65 85
65 87
65 88
65 90
65 91
65 94
65 95
65 100
65 101
65 102
65 104
65 105
65 106
65 107
65 108
65 110
65 111
65 113
65 114
65 115
65 116
65 117
65 118
65 120
65 121
65 122
65 125
65 126
65 127
65 129
65 130
65 133
65 139
65 144
65 145
65 146
65 148
65 151
65 153
65 157
65 159
65 162
66 67
66 68
66 69
66 71
66 72
66 73
66 75
66 77
66 78
66 80
66 81
66 82
66 83
66 85
66 87
66 92
66 94
66 96
66 97
66 98
66 100
66 101
66 102
66 103
66 105
66 106
66 109
66 114
66 115
66 120
66 122
66 123
66 125
66 128
66 131
66 132
66 135
66 136
66 138
66 140
66 141
66 146
66 147
66 149
66 150
66 152
66 153
66 154
66 156
66 157
66 158
66 161
66 162
66 163
66 165
66 431
67 69
67 70
67 76
67 77
67 78
67 80
67 82
67 83
67 84
67 85
67 87
67 88
67 90
67 92
67 96
67 97
67 98
67 100
67 101
67 103
67 104
67 108
67 109
67 110
67 111
67 113
67 115
67 118
67 120
67 122
67 124
67 125
67 133
67 134
67 135
67 136
67 138
67 139
67 142
67 143
67 145
67 147
67 148
67 151
67 152
67 153
67 154
67 155
67 157
67 159
67 163
67 166
67 169
67 172
67 173
67 406
68 69
68 70
68 71
68 72
68 74
68 75
68 76
68 77
68 78
68 80
68 83
68 85
68 87
68 88
68 90
68 91
68 94
68 96
68 98
68 99
68 101
68 102
68 104
68 105
68 106
68 107
68 110
68 112
68 119
68 121
68 122
68 127
68 129
68 131
68 133
68 134
68 135
68 137
68 140
68 141
68 142
68 144
68 146
68 148
68 150
68 154
68 156
68 159
68 160
68 161
68 162
68 163
68 164
68 165
68 166
68 195
68 272
68 420
69 72
69 73
69 76
69 77
69 81
69 82
69 83
69 85
69 88
69 90
69 91
69 94
69 95
69 96
69 98
69 99
69 101
69 106
69 107
69 109
69 113
69 117
69 119
69 120
69 123
69 126
69 128
69 129
69 133
69 134
69 137
69 144
69 145
69 148
69 151
69 152
69 153
69 157
69 158
69 166
69 167
69 171
69 172
69 173
69 176
69 177
69 178
69 179
69 180
69 181
69 186
69 189
69 192
69 193
69 194
69 196
70 71
70 72
70 74
70 78
70 79
70 80
70 81
70 82
70 84
70 85
70 88
70 89
70 90
70 93
70 100
70 103
70 104
70 108
70 109
70 110
70 112
70 113
70 114
70 115
70 119
70 120
70 121
70 122
70 123
70 125
70 126
70 128
70 131
70 133
70 136
70 140
70 142
70 144
70 145
70 146
70 151
70 153
70 155
70 158
70 159
70 161
70 162
70 165
70 166
70 168
70 169
70 171
70 172
70 173
70 174
70 358
71 64
71 72
71 73
71 76
71 77
71 80
71 81
71 82
71 83
71 84
71 88
71 89
71 90
71 91
71 93
71 99
71 100
71 103
71 104
71 105
71 106
71 108
71 108
71 109
71 112
71 115
71 116
71 117
71 118
71 120
71 122
71 124
71 126
71 127
71 129
71 131
71 134
71 135
71 138
71 142
71 144
71 145
71 151
71 154
71 156
71 160
71 161
71 163
71 164
71 167
71 168
71 170
71 172
71 174
71 176
71 177
71 179
71 208
71 210
71 460
71 483
72 74
72 77
72 78
72 81
72 87
72 90
72 91
72 93
72 94
72 97
72 98
72 99
72 100
72 101
72 105
72 106
72 107
72 108
72 110
72 114
72 117
72 118
72 120
72 122
72 123
72 126
72 129
72 130
72 131
72 132
72 133
72 135
72 136
72 141
72 142
72 144
72 146
72 149
72 150
72 152
72 154
72 156
72 160
72 163
72 168
72 169
72 170
72 171
72 172
72 174
72 175
72 177
72 179
72 180
72 185
72 221
73 75
73 75
73 76
73 78
73 80
73 81
73 83
73 85
73 88
73 89
73 94
73 97
73 101
73 104
73 109
73 110
73 111
73 112
73 113
73 116
73 120
73 121
73 122
73 124
73 129
73 130
73 131
73 132
73 135
73 136
73 140
73 143
73 145
73 146
73 147
73 148
73 149
73 151
73 152
73 153
73 155
73 156
73 157
73 164
73 166
73 167
73 168
73 170
73 171
73 173
73 175
73 176
73 178
73 182
73 184
73 185
73 207
74 53
74 79
74 80
74 81
74 84
74 87
74 88
74 90
74 91
74 92
74 93
74 95
74 96
74 99
74 100
74 101
74 102
74 106
74 108
74 110
74 111
74 114
74 115
74 117
74 120
74 123
74 127
74 131
74 132
74 137
74 139
74 143
74 150
74 157
74 159
74 161
74 162
74 164
74 165
74 167
74 170
74 171
74 172
74 173
74 174
74 175
74 176
74 179
74 181
74 182
74 183
74 184
74 185
74 186
74 188
74 189
75 79
75 81
75 82
75 83
75 84
75 86
75 87
75 91
75 92
75 93
75 96
75 97
75 99
75 101
75 102
75 104
75 106
75 109
75 110
75 113
75 115
75 118
75 119
75 120
75 121
75 122
75 123
75 124
75 126
75 127
75 128
75 129
75 130
75 132
75 134
75 137
75 140
75 145
75 146
75 147
75 149
75 150
75 152
75 155
75 158
75 164
75 165
75 167
75 168
75 171
75 173
75 176
75 177
75 180
75 181
76 77
76 80
76 81
76 82
76 84
76 87
76 88
76 89
76 90
76 91
76 93
76 95
76 98
76 99
76 101
76 104
76 110
76 113
76 115
76 117
76 119
76 121
76 122
76 123
76 125
76 127
76 128
76 129
76 130
76 131
76 133
76 134
76 137
76 144
76 147
76 148
76 152
76 155
76 156
76 157
76 160
76 161
76 162
76 163
76 165
76 167
76 168
76 171
76 174
76 175
76 177
76 182
76 184
76 185
76 188
76 190
76 300
77 78
77 79
77 80
77 81
77 82
77 83
77 87
77 88
77 89
77 90
77 93
77 94
77 95
77 97
77 100
77 103
77 106
77 108
77 113
77 114
77 115
77 116
77 118
77 119
77 120
77 122
77 123
77 124
77 125
77 129
77 131
77 138
77 141
77 143
77 145
77 151
77 153
77 155
77 158
77 159
77 160
77 163
77 167
77 168
77 173
77 174
77 175
77 177
77 178
77 180
77 181
77 183
77 186
77 193
77 194
77 198
78 80
78 81
78 83
78 84
78 85
78 86
78 89
78 92
78 94
78 96
78 98
78 99
78 103
78 107
78 108
78 109
78 115
78 118
78 125
78 128
78 132
78 134
78 136
78 137
78 138
78 141
78 142
78 145
78 146
78 148
78 149
78 156
78 157
78 159
78 163
78 166
78 167
78 170
78 171
78 176
78 177
78 178
78 180
78 185
78 187
78 188
78 190
78 191
78 193
78 194
78 198
78 201
78 203
78 204
78 207
79 16
79 80
79 83
79 84
79 86
79 91
79 92
79 93
79 94
79 95
79 96
79 97
79 104
79 109
79 112
79 114
79 120
79 122
79 124
79 129
79 131
79 133
79 135
79 136
79 138
79 140
79 143
79 144
79 146
79 147
79 148
79 149
79 150
79 151
79 153
79 156
79 157
79 158
79 159
79 160
79 161
79 162
79 163
79 164
79 165
79 166
79 167
79 168
79 169
79 170
79 172
79 173
79 179
79 180
79 186
79 189
79 190
79 222
80 82
80 84
80 85
80 86
80 87
80 89
80 91
80 94
80 95
80 96
80 100
80 102
80 107
80 108
80 110
80 115
80 116
80 117
80 118
80 120
80 124
80 127
80 128
80 129
80 130
80 132
80 135
80 137
80 139
80 140
80 142
80 143
80 149
80 150
80 151
80 152
80 153
80 154
80 156
80 157
80 161
80 166
80 172
80 173
80 174
80 176
80 179
80 183
80 186
80 188
80 189
80 192
80 193
80 194
80 198
81 86
81 87
81 88
81 89
81 92
81 94
81 97
81 101
81 103
81 105
81 107
81 109
81 113
81 116
81 117
81 118
81 120
81 121
81 127
81 128
81 129
81 130
81 133
81 135
81 136
81 141
81 142
81 143
81 146
81 147
81 149
81 151
81 152
81 155
81 159
81 162
81 163
81 167
81 173
81 174
81 175
81 177
81 178
81 181
81 184
81 185
81 186
81 187
81 188
81 189
81 190
81 192
81 194
81 195
81 196
81 385
82 62
82 86
82 89
82 91
82 93
82 94
82 96
82 97
82 98
82 101
82 102
82 103
82 105
82 106
82 108
82 109
82 117
82 118
82 119
82 120
82 122
82 123
82 129
82 133
82 134
82 139
82 141
82 142
82 143
82 145
82 146
82 148
82 149
82 152
82 155
82 158
82 159
82 165
82 167
82 170
82 172
82 174
82 175
82 178
82 180
82 181
82 185
82 186
82 187
82 189
82 191
82 192
82 193
82 194
82 195
82 197
82 198
83 84
83 85
83 86
83 88
83 90
83 93
83 94
83 95
83 98
83 99
83 101
83 102
83 103
83 104
83 107
83 108
83 112
83 116
83 117
83 118
83 119
83 122
83 124
83 126
83 127
83 129
83 130
83 132
83 133
83 134
83 135
83 136
83 140
83 141
83 146
83 147
83 148
83 149
83 150
83 151
83 156
83 158
83 161
83 162
83 163
83 166
83 168
83 170
83 172
83 173
83 174
83 180
83 183
83 185
83 188
84 85
84 86
84 87
84 92
84 94
84 97
84 101
84 102
84 104
84 105
84 107
84 109
84 111
84 113
84 116
84 118
84 119
84 121
84 122
84 124
84 125
84 126
84 128
84 130
84 131
84 132
84 136
84 137
84 138
84 139
84 140
84 141
84 142
84 144
84 146
84 147
84 154
84 155
84 158
84 159
84 161
84 163
84 164
84 166
84 170
84 172
84 175
84 178
84 179
84 183
84 185
84 187
84 188
84 190
84 191
84 193
84 415
85 86
85 88
85 90
85 91
85 92
85 95
85 96
85 97
85 99
85 100
85 101
85 105
85 106
85 107
85 109
85 111
85 112
85 113
85 115
85 116
85 117
85 121
85 123
85 124
85 125
85 129
85 131
85 132
85 133
85 134
85 135
85 137
85 142
85 143
85 145
85 148
85 149
85 150
85 152
85 158
85 159
85 160
85 161
85 162
85 163
85 166
85 168
85 169
85 171
85 172
85 173
85 174
85 175
85 176
85 177
86 70
86 71
86 87
86 88
86 89
86 92
86 96
86 97
86 98
86 107
86 108
86 110
86 111
86 112
86 113
86 114
86 117
86 118
86 119
86 121
86 122
86 123
86 125
86 126
86 128
86 132
86 133
86 134
86 135
86 137
86 139
86 140
86 142
86 143
86 145
86 147
86 149
86 151
86 152
86 156
86 157
86 160
86 161
86 162
86 164
86 165
86 167
86 169
86 171
86 173
86 174
86 175
86 176
86 180
86 182
86 184
86 186
86 190
86 192
86 201
86 250
86 258
86 288
86 336
86 397
86 514
87 88
87 90
87 93
87 97
87 102
87 103
87 104
87 105
87 109
87 110
87 113
87 114
87 116
87 117
87 125
87 126
87 129
87 131
87 132
87 134
87 141
87 142
87 146
87 147
87 151
87 152
87 153
87 154
87 155
87 157
87 159
87 160
87 161
87 162
87 163
87 164
87 168
87 169
87 170
87 173
87 174
87 177
87 179
87 187
87 188
87 189
87 194
87 200
87 201
87 202
87 204
87 205
87 207
87 212
87 214
88 91
88 92
88 95
88 96
88 97
88 99
88 104
88 105
88 106
88 110
88 112
88 114
88 116
88 118
88 121
88 122
88 129
88 130
88 133
88 135
88 137
88 139
88 144
88 146
88 149
88 150
88 154
88 155
88 156
88 158
88 161
88 164
88 165
88 166
88 167
88 169
88 170
88 171
88 172
88 173
88 177
88 178
88 180
88 181
88 187
88 190
88 194
88 196
88 198
88 201
88 202
88 203
88 204
88 205
88 206
89 91
89 94
89 95
89 96
89 99
89 102
89 103
89 107
89 108
89 112
89 114
89 116
89 117
89 121
89 124
89 128
89 130
89 132
89 133
89 142
89 143
89 145
89 147
89 149
89 153
89 157
89 158
89 160
89 161
89 162
89 164
89 165
89 167
89 169
89 170
89 173
89 176
89 177
89 178
89 179
89 180
89 182
89 183
89 184
89 187
89 188
89 189
89 190
89 192
89 193
89 196
89 202
89 206
89 213
89 218
90 92
90 93
90 94
90 96
90 97
90 98
90 99
90 102
90 104
90 105
90 107
90 108
90 109
90 110
90 112
90 113
90 115
90 117
90 119
90 120
90 122
90 124
90 125
90 126
90 127
90 129
90 133
90 134
90 135
90 136
90 137
90 142
90 144
90 145
90 151
90 153
90 154
90 157
90 161
90 162
90 165
90 166
90 169
90 172
90 174
90 175
90 179
90 180
90 184
90 186
90 188
90 189
90 190
90 191
90 192
91 93
91 96
91 98
91 100
91 102
91 103
91 110
91 112
91 113
91 114
91 117
91 119
91 120
91 123
91 124
91 127
91 128
91 130
91 131
91 135
91 137
91 138
91 139
91 142
91 144
91 147
91 150
91 151
91 152
91 154
91 156
91 158
91 159
91 160
91 164
91 165
91 166
91 169
91 171
91 172
91 175
91 176
91 177
91 178
91 179
91 180
91 183
91 190
91 193
91 195
91 197
91 198
91 199
91 200
91 202
92 27
92 93
92 94
92 95
92 96
92 98
92 99
92 103
92 104
92 107
92 108
92 113
92 114
92 115
92 116
92 118
92 121
92 122
92 125
92 126
92 127
92 128
92 131
92 135
92 137
92 138
92 139
92 144
92 147
92 149
92 150
92 151
92 152
92 153
92 154
92 155
92 156
92 157
92 158
92 160
92 164
92 167
92 169
92 172
92 174
92 175
92 178
92 184
92 185
92 186
92 189
92 190
92 191
92 192
92 193
92 194
93 96
93 97
93 98
93 100
93 101
93 104
93 105
93 106
93 107
93 108
93 110
93 111
93 113
93 114
93 115
93 117
93 118
93 120
93 121
93 124
93 127
93 128
93 129
93 130
93 131
93 132
93 137
93 139
93 140
93 143
93 144
93 145
93 146
93 146
93 148
93 154
93 156
93 157
93 158
93 159
93 160
93 161
93 163
93 165
93 168
93 170
93 171
93 174
93 175
93 176
93 179
93 181
93 185
93 186
93 188
93 189
93 315
93 412
94 8
94 95
94 97
94 100
94 101
94 105
94 109
94 114
94 116
94 120
94 121
94 122
94 125
94 126
94 128
94 129
94 131
94 132
94 133
94 134
94 135
94 136
94 138
94 139
94 140
94 147
94 148
94 150
94 151
94 152
94 153
94 154
94 156
94 157
94 159
94 162
94 165
94 168
94 172
94 174
94 175
94 181
94 182
94 184
94 186
94 188
94 189
94 190
94 192
94 195
94 197
94 200
94 204
94 206
94 207
94 208
94 234
95 93
95 98
95 99
95 102
95 103
95 107
95 109
95 110
95 119
95 121
95 122
95 123
95 124
95 126
95 127
95 131
95 139
95 144
95 147
95 149
95 152
95 153
95 154
95 155
95 156
95 159
95 163
95 174
95 175
95 176
95 178
95 180
95 182
95 185
95 186
95 188
95 189
95 190
95 191
95 193
95 194
95 197
95 198
95 199
95 201
95 202
95 203
95 204
95 205
95 210
95 212
95 214
95 215
95 216
95 218
95 220
96 81
96 97
96 98
96 102
96 104
96 105
96 106
96 107
96 109
96 111
96 112
96 113
96 114
96 116
96 117
96 121
96 122
96 123
96 126
96 127
96 128
96 129
96 133
96 134
96 141
96 143
96 144
96 147
96 150
96 151
96 152
96 160
96 161
96 164
96 165
96 166
96 169
96 170
96 172
96 173
96 174
96 180
96 181
96 182
96 185
96 188
96 189
96 191
96 192
96 193
96 196
96 197
96 198
96 202
96 203
96 204
96 205
96 380
96 436
97 98
97 99
97 100
97 102
97 106
97 110
97 111
97 112
97 113
97 114
97 115
97 117
97 121
97 123
97 125
97 126
97 127
97 129
97 132
97 134
97 135
97 136
97 138
97 142
97 143
97 145
97 147
97 152
97 153
97 155
97 156
97 158
97 161
97 162
97 163
97 164
97 166
97 167
97 171
97 173
97 177
97 178
97 181
97 184
97 186
97 189
97 192
97 193
97 194
97 195
97 197
97 201
97 202
97 203
97 204
98 100
98 101
98 102
98 103
98 105
98 105
98 106
98 108
98 111
98 112
98 113
98 116
98 118
98 120
98 123
98 126
98 127
98 129
98 132
98 135
98 136
98 137
98 138
98 142
98 144
98 145
98 147
98 150
98 151
98 152
98 157
98 158
98 160
98 161
98 164
98 166
98 167
98 168
98 169
98 170
98 171
98 177
98 181
98 182
98 183
98 184
98 186
98 188
98 189
98 191
98 195
98 196
98 197
98 199
98 200
98 202
98 230
98 291
98 352
99 100
99 101
99 104
99 105
99 107
99 108
99 110
99 111
99 113
99 115
99 116
99 118
99 120
99 121
99 123
99 127
99 130
99 132
99 134
99 135
99 138
99 142
99 145
99 146
99 147
99 148
99 149
99 153
99 156
99 157
99 158
99 160
99 162
99 164
99 166
99 170
99 172
99 173
99 174
99 175
99 176
99 179
99 180
99 181
99 187
99 190
99 194
99 195
99 197
99 198
99 200
99 204
99 209
99 212
99 213
100 103
100 104
100 106
100 107
100 109
100 110
100 111
100 112
100 113
100 117
100 118
100 121
100 124
100 125
100 128
100 131
100 132
100 135
100 137
100 138
100 141
100 142
100 144
100 145
100 146
100 147
100 150
100 151
100 154
100 156
100 158
100 161
100 162
100 163
100 168
100 169
100 171
100 172
100 173
100 175
100 179
100 180
100 182
100 184
100 186
100 188
100 189
100 190
100 191
100 196
100 197
100 199
100 200
100 202
100 204
100 304
101 102
101 111
101 114
101 117
101 119
101 121
101 123
101 124
101 125
101 126
101 127
101 128
101 134
101 135
101 137
101 140
101 142
101 150
101 151
101 155
101 158
101 159
101 162
101 164
101 166
101 170
101 172
101 173
101 174
101 175
101 178
101 179
101 181
101 186
101 190
101 193
101 196
101 198
101 199
101 202
101 204
101 207
101 208
101 209
101 210
101 213
101 214
101 215
101 220
101 222
101 224
101 226
101 227
101 228
101 230
102 105
102 106
102 107
102 108
102 111
102 115
102 119
102 120
102 124
102 126
102 127
102 128
102 129
102 132
102 134
102 135
102 136
102 137
102 138
102 139
102 142
102 143
102 144
102 145
102 146
102 147
102 148
102 149
102 150
102 151
102 156
102 158
102 163
102 164
102 165
102 172
102 174
102 176
102 178
102 179
102 180
102 181
102 182
102 183
102 184
102 187
102 188
102 190
102 191
102 192
102 195
102 198
102 202
102 203
102 204
102 236
103 104
103 109
103 110
103 113
103 116
103 117
103 118
103 120
103 121
103 123
103 124
103 125
103 126
103 127
103 130
103 131
103 133
103 135
103 138
103 140
103 143
103 144
103 145
103 148
103 149
103 150
103 151
103 153
103 154
103 156
103 157
103 159
103 162
103 163
103 165
103 168
103 169
103 170
103 171
103 173
103 176
103 178
103 181
103 188
103 189
103 190
103 191
103 193
103 195
103 196
103 198
103 199
103 200
103 203
103 204
104 10
104 36
104 105
104 106
104 107
104 110
104 111
104 112
104 113
104 115
104 116
104 120
104 123
104 128
104 129
104 131
104 134
104 137
104 138
104 139
104 140
104 141
104 142
104 143
104 150
104 151
104 152
104 153
104 155
104 156
104 157
104 163
104 164
104 165
104 167
104 171
104 172
104 173
104 174
104 176
104 177
104 178
104 182
104 187
104 189
104 194
104 195
104 196
104 198
104 199
104 202
104 203
104 205
104 207
104 209
104 211
104 212
104 226
104 284
105 50
105 106
105 108
105 110
105 110
105 111
105 112
105 117
105 118
105 121
105 122
105 125
105 128
105 129
105 130
105 131
105 132
105 134
105 138
105 141
105 142
105 155
105 161
105 163
105 165
105 170
105 173
105 174
105 175
105 178
105 184
105 187
105 188
105 190
105 192
105 193
105 195
105 197
105 198
105 201
105 205
105 207
105 209
105 210
105 211
105 213
105 214
105 215
105 218
105 220
105 222
105 223
105 225
105 226
105 227
105 229
105 230
106 44
106 107
106 108
106 114
106 121
106 129
106 130
106 132
106 134
106 136
106 137
106 138
106 145
106 149
106 151
106 152
106 154
106 156
106 157
106 158
106 159
106 160
106 162
106 163
106 164
106 165
106 166
106 168
106 172
106 174
106 176
106 178
106 179
106 180
106 182
106 187
106 188
106 191
106 191
106 192
106 193
106 194
106 195
106 198
106 199
106 200
106 202
106 206
106 210
106 211
106 212
106 214
106 215
106 220
106 221
106 222
106 223
107 111
107 115
107 117
107 118
107 123
107 126
107 127
107 128
107 129
107 130
107 131
107 132
107 136
107 137
107 139
107 141
107 147
107 150
107 151
107 154
107 155
107 156
107 159
107 160
107 161
107 162
107 164
107 165
107 166
107 167
107 168
107 169
107 170
107 171
107 172
107 173
107 174
107 175
107 176
107 178
107 179
107 182
107 185
107 186
107 188
107 192
107 195
107 196
107 197
107 203
107 204
107 205
107 206
107 208
107 210
108 109
108 115
108 118
108 121
108 126
108 129
108 130
108 133
108 140
108 141
108 143
108 144
108 149
108 154
108 155
108 157
108 159
108 164
108 165
108 166
108 168
108 171
108 172
108 173
108 176
108 177
108 178
108 179
108 180
108 183
108 187
108 189
108 190
108 192
108 194
108 195
108 199
108 201
108 203
108 209
108 211
108 213
108 214
108 216
108 217
108 218
108 220
108 221
108 223
108 224
108 227
108 228
108 231
108 232
108 234
108 235
108 308
108 369
109 110
109 113
109 114
109 115
109 116
109 117
109 118
109 120
109 121
109 122
109 123
109 124
109 127
109 130
109 133
109 135
109 137
109 138
109 140
109 141
109 144
109 145
109 150
109 151
109 153
109 155
109 158
109 160
109 161
109 167
109 169
109 170
109 171
109 172
109 174
109 175
109 177
109 179
109 185
109 186
109 188
109 189
109 190
109 192
109 193
109 198
109 200
109 201
109 204
109 205
109 208
109 209
109 211
109 212
109 213
110 111
110 112
110 115
110 117
110 118
110 119
110 121
110 122
110 123
110 124
110 125
110 128
110 133
110 135
110 139
110 141
110 144
110 145
110 147
110 148
110 149
110 150
110 151
110 154
110 157
110 158
110 161
110 164
110 168
110 172
110 173
110 175
110 177
110 178
110 180
110 182
110 183
110 184
110 185
110 186
110 188
110 190
110 191
110 192
110 194
110 196
110 199
110 202
110 204
110 210
110 211
110 212
110 213
110 217
110 218
111 112
111 114
111 115
111 116
111 121
111 123
111 125
111 126
111 129
111 131
111 132
111 133
111 135
111 136
111 138
111 139
111 140
111 141
111 142
111 143
111 145
111 149
111 150
111 151
111 152
111 153
111 155
111 156
111 158
111 159
111 162
111 163
111 165
111 166
111 167
111 170
111 171
111 176
111 177
111 179
111 181
111 184
111 188
111 192
111 195
111 196
111 197
111 198
111 199
111 200
111 201
111 204
111 206
111 207
111 208
111 493
112 113
112 114
112 116
112 121
112 122
112 124
112 126
112 127
112 128
112 133
112 134
112 137
112 139
112 141
112 143
112 144
112 145
112 146
112 148
112 150
112 151
112 152
112 154
112 156
112 158
112 160
112 161
112 162
112 164
112 165
112 169
112 171
112 173
112 177
112 178
112 180
112 181
112 183
112 184
112 186
112 189
112 192
112 194
112 197
112 199
112 200
112 204
112 206
112 208
112 210
112 213
112 214
112 216
112 217
112 220
112 238
112 270
113 114
113 115
113 119
113 121
113 122
113 123
113 128
113 132
113 133
113 136
113 138
113 139
113 140
113 142
113 144
113 146
113 151
113 152
113 153
113 156
113 157
113 158
113 159
113 160
113 161
113 162
113 165
113 167
113 168
113 170
113 171
113 174
113 175
113 178
113 183
113 193
113 194
113 195
113 197
113 198
113 200
113 201
113 203
113 204
113 207
113 209
113 214
113 216
113 217
113 218
113 222
113 223
113 224
113 226
113 230
113 231
113 379
114 116
114 117
114 118
114 119
114 122
114 124
114 125
114 126
114 128
114 130
114 133
114 135
114 136
114 139
114 141
114 145
114 147
114 148
114 149
114 152
114 159
114 161
114 167
114 168
114 169
114 172
114 173
114 174
114 179
114 180
114 181
114 182
114 185
114 187
114 189
114 190
114 191
114 194
114 195
114 196
114 197
114 198
114 200
114 201
114 202
114 203
114 204
114 206
114 209
114 212
114 213
114 218
114 220
114 221
114 227
114 244
114 313
114 455
115 119
115 122
115 123
115 125
115 126
115 128
115 129
115 131
115 136
115 139
115 140
115 141
115 142
115 143
115 144
115 145
115 147
115 149
115 150
115 151
115 153
115 154
115 155
115 158
115 159
115 160
115 161
115 170
115 173
115 174
115 180
115 183
115 184
115 185
115 187
115 188
115 192
115 194
115 197
115 199
115 208
115 212
115 213
115 215
115 217
115 220
115 221
115 222
115 224
115 226
115 231
115 233
115 235
115 236
115 238
116 5
116 32
116 97
116 117
116 118
116 126
116 127
116 128
116 129
116 131
116 140
116 142
116 145
116 146
116 148
116 149
116 152
116 153
116 156
116 157
116 159
116 163
116 165
116 166
116 167
116 171
116 173
116 182
116 183
116 185
116 186
116 187
116 188
116 192
116 195
116 196
116 198
116 199
116 200
116 202
116 204
116 210
116 211
116 214
116 215
116 216
116 217
116 218
116 219
116 221
116 222
116 223
116 230
116 231
116 232
116 234
116 235
116 236
116 237
116 443
117 120
117 121
117 126
117 132
117 138
117 139
117 141
117 143
117 145
117 146
117 147
117 149
117 150
117 151
117 152
117 153
117 155
117 156
117 157
117 158
117 160
117 161
117 164
117 165
117 166
117 169
117 170
117 171
117 172
117 173
117 174
117 175
117 178
117 180
117 181
117 183
117 184
117 186
117 188
117 189
117 192
117 193
117 197
117 198
117 199
117 202
117 203
117 204
117 205
117 206
117 207
117 208
117 210
117 211
117 212
121 110
122 130
122 504
123 38
124 481
126 79
126 487
126 502
126 508
129 390
131 368
131 480
132 59
132 183
134 312
134 399
135 500
136 103
137 18
137 90
137 93
137 280
138 59
138 373
141 303
141 467
142 512
145 146
146 34
147 358
147 496
148 237
150 82
150 289
150 450
151 3
151 36
151 226
151 292
152 87
153 103
154 132
155 149
155 332
155 495
155 505
156 4
156 25
157 443
159 488
160 408
161 30
161 392
161 400
163 342
164 102
165 58
165 114
166 296
167 366
167 478
168 411
168 430
169 21
169 77
169 86
169 134
169 273
169 324
169 325
169 335
169 353
169 364
169 424
170 503
171 8
171 125
171 330
172 227
172 429
173 446
175 145
176 107
176 236
177 31
177 263
177 394
177 474
178 488
179 464
179 489
180 45
180 117
184 294
184 326
185 66
185 147
188 153
188 375
190 467
191 24
192 173
192 287
194 142
194 225
195 50
196 127
197 41
197 413
199 419
200 88
201 471
202 10
203 51
203 157
204 95
205 415
206 355
206 456
207 143
208 34
208 242
208 357
208 387
208 485
210 168
210 249
211 61
212 466
213 274
213 395
213 398
214 15
215 65
216 78
216 165
216 321
216 441
217 473
218 273
220 87
222 375
224 48
224 423
225 492
226 160
226 176
226 383
227 7
228 223
231 466
232 279
233 298
234 452
235 7
235 57
235 120
235 133
235 147
235 377
236 33
236 109
237 170
238 4
239 251
240 33
240 138
240 378
241 118
242 2
242 295
243 91
243 204
243 361
244 267
244 346
245 25
245 281
245 289
245 372
247 152
248 173
248 327
248 428
249 80
249 228
250 452
253 248
253 459
254 439
255 123
255 340
257 239
257 245
258 90
258 99
258 351
258 484
259 17
259 55
259 56
259 199
259 216
259 472
259 511
260 189
260 302
262 382
263 72
263 119
263 516
264 180
264 257
266 176
267 265
269 56
269 189
271 274
271 507
272 291
273 373
274 174
275 137
275 352
276 160
277 23
278 414
278 482
281 28
282 428
283 49
286 187
287 113
288 40
288 275
290 42
290 143
291 128
293 83
294 163
294 438
294 442
294 497
295 184
295 339
296 212
296 384
296 476
297 408
298 74
299 368
300 251
301 209
302 221
305 238
305 328
305 513
307 433
307 500
308 197
308 374
310 69
310 196
312 172
313 328
314 5
314 13
314 202
314 363
316 111
316 234
316 293
317 1
318 57
318 257
319 381
320 486
321 299
321 360
321 409
322 239
323 11
325 177
325 255
325 310
326 448
328 139
329 182
329 406
330 372
331 388
333 65
333 98
333 231
333 240
334 15
334 384
335 175
335 233
336 308
336 341
336 502
337 518
338 139
338 465
339 322
340 470
344 133
345 223
346 121
346 286
347 89
347 356
347 357
347 370
348 136
348 187
348 376
349 129
350 32
350 39
350 285
351 348
351 374
351 413
351 498
352 186
353 206
353 393
353 475
354 215
355 107
355 356
356 127
358 209
358 306
358 418
359 52
359 191
360 246
360 510
361 229
361 329
361 426
362 461
363 68
364 23
365 193
365 478
366 347
366 403
366 454
367 253
367 389
367 469
368 218
369 112
371 354
374 252
374 337
374 489
376 265
377 88
377 115
377 444
378 309
379 343
380 407
381 277
382 503
383 379
383 482
384 29
384 396
385 464
385 470
386 0
386 67
386 190
386 282
387 337
387 463
388 115
389 213
389 280
389 344
389 501
390 98
390 220
390 229
392 232
393 338
393 396
393 492
394 458
395 268
397 241
397 405
398 19
400 73
400 85
400 198
400 490
401 11
401 458
402 141
405 105
405 235
408 83
409 454
410 342
412 163
412 494
414 101
414 332
415 135
416 19
416 252
417 266
417 301
417 427
420 403
421 304
422 84
422 164
422 217
423 381
423 411
425 228
425 424
425 437
426 47
426 97
427 45
427 159
427 311
428 399
429 197
429 271
430 520
431 162
432 205
432 316
434 444
435 290
435 402
435 519
436 341
436 343
437 404
437 516
438 178
439 383
440 14
440 269
440 303
440 318
441 261
442 53
442 307
442 365
444 80
445 319
445 333
445 437
447 41
447 117
447 432
448 188
449 311
450 246
450 419
451 477
451 498
453 27
453 349
453 391
453 418
453 451
453 506
454 144
455 398
456 52
456 156
456 158
456 445
457 9
457 144
460 37
460 122
460 162
460 203
460 297
461 477
462 423
463 494
464 149
465 262
465 334
466 42
466 47
468 12
468 29
468 92
468 151
468 181
468 347
468 434
468 449
469 148
469 320
469 421
471 183
471 230
471 284
473 306
474 305
475 259
475 314
475 453
475 468
476 116
476 362
478 130
478 324
479 43
479 76
479 171
479 446
480 46
481 154
482 119
483 457
484 180
485 317
485 440
486 28
486 345
486 404
487 261
488 513
489 158
490 6
491 377
492 292
493 94
493 421
493 449
494 141
495 132
497 211
497 247
497 386
498 91
498 256
499 200
501 447
501 517
502 181
504 135
505 491
506 109
506 214
506 371
507 140
508 20
508 167
508 174
508 370
510 22
510 100
510 518
511 0
511 309
514 412
515 154
515 286
515 359
515 450
517 179
519 64
519 382
519 509
521 256
