nodes: 999 edges: 4683
0 1
0 5
0 10
0 11
0 12
0 17
0 21
0 22
0 23
0 24
0 27
0 29
0 31
0 32
0 33
0 34
0 37
0 42
0 44
0 48
0 50
0 58
0 59
0 63
0 65
0 67
0 69
0 72
0 73
0 74
0 76
0 77
0 78
0 83
0 84
0 85
0 86
0 87
0 90
0 93
0 94
0 97
0 99
0 103
0 105
0 111
0 115
0 116
0 117
0 118
0 119
0 123
0 125
0 126
0 127
1 2
1 3
1 4
1 6
1 7
1 9
1 11
1 12
1 13
1 14
1 17
1 24
1 26
1 28
1 29
1 32
1 34
1 37
1 39
1 40
1 41
1 42
1 43
1 44
1 45
1 47
1 48
1 52
1 53
1 54
1 55
1 56
1 58
1 59
1 61
1 62
1 64
1 65
1 66
1 67
1 68
1 69
1 71
1 72
1 73
1 74
1 75
1 76
1 77
1 78
1 80
1 87
1 89
1 90
1 96
1 959
2 3
2 6
2 9
2 10
2 11
2 12
2 13
2 16
2 19
2 20
2 21
2 24
2 27
2 28
2 29
2 30
2 32
2 34
2 36
2 37
2 41
2 42
2 43
2 46
2 47
2 48
2 50
2 52
2 56
2 57
2 58
2 62
2 64
2 66
2 67
2 68
2 70
2 78
2 79
2 80
2 81
2 82
2 83
2 84
2 86
2 87
2 88
2 89
2 92
2 93
2 94
2 95
2 99
2 101
2 102
2 947
2 948
3 6
3 8
3 9
3 10
3 11
3 13
3 14
3 18
3 19
3 21
3 23
3 27
3 33
3 34
3 35
3 36
3 38
3 39
3 43
3 44
3 45
3 47
3 48
3 50
3 51
3 52
3 53
3 54
3 55
3 56
3 57
3 59
3 67
3 69
3 70
3 71
3 72
3 74
3 78
3 80
3 83
3 84
3 86
3 89
3 90
3 95
3 98
3 99
3 100
3 101
3 102
3 105
3 108
3 109
3 110
3 513
4 5
4 8
4 10
4 11
4 12
4 14
4 15
4 16
4 17
4 18
4 19
4 21
4 25
4 26
4 27
4 30
4 36
4 38
4 39
4 44
4 45
4 46
4 47
4 48
4 49
4 50
4 51
4 52
4 53
4 56
4 57
4 58
4 59
4 60
4 61
4 62
4 64
4 66
4 67
4 69
4 70
4 71
4 72
4 74
4 75
4 77
4 80
4 81
4 82
4 84
4 87
4 88
4 91
4 93
4 95
4 101
5 6
5 7
5 8
5 9
5 13
5 14
5 15
5 17
5 18
5 23
5 25
5 29
5 31
5 32
5 34
5 38
5 39
5 43
5 51
5 52
5 57
5 58
5 59
5 61
5 63
5 64
5 66
5 68
5 69
5 70
5 72
5 74
5 79
5 82
5 84
5 85
5 86
5 90
5 91
5 92
5 94
5 95
5 99
5 102
5 103
5 104
5 106
5 107
5 110
5 112
5 114
5 117
5 118
5 124
5 125
5 680
5 903
6 7
6 9
6 13
6 14
6 16
6 17
6 18
6 19
6 26
6 28
6 29
6 35
6 36
6 38
6 39
6 41
6 43
6 44
6 45
6 48
6 49
6 50
6 51
6 52
6 55
6 57
6 58
6 60
6 62
6 63
6 64
6 67
6 68
6 70
6 73
6 74
6 75
6 76
6 77
6 78
6 79
6 86
6 88
6 89
6 91
6 92
6 93
6 94
6 95
6 96
6 98
6 99
6 101
6 104
6 109
7 8
7 9
7 10
7 12
7 13
7 14
7 19
7 21
7 22
7 26
7 27
7 28
7 29
7 32
7 33
7 36
7 38
7 39
7 40
7 42
7 43
7 47
7 49
7 50
7 53
7 55
7 56
7 57
7 58
7 59
7 62
7 63
7 65
7 66
7 69
7 72
7 75
7 77
7 79
7 80
7 83
7 84
7 85
7 86
7 87
7 88
7 89
7 91
7 92
7 93
7 96
7 98
7 99
7 101
7 104
8 9
8 11
8 14
8 16
8 17
8 20
8 21
8 25
8 26
8 28
8 30
8 31
8 32
8 33
8 36
8 37
8 39
8 40
8 43
8 45
8 47
8 48
8 52
8 57
8 58
8 59
8 66
8 71
8 72
8 78
8 79
8 81
8 82
8 84
8 85
8 87
8 89
8 90
8 91
8 95
8 96
8 97
8 98
8 104
8 106
8 109
8 110
8 112
8 114
8 115
8 116
8 120
8 125
8 126
8 127
9 10
9 11
9 12
9 17
9 19
9 20
9 21
9 22
9 23
9 25
9 28
9 33
9 34
9 36
9 37
9 39
9 45
9 46
9 50
9 52
9 54
9 55
9 58
9 64
9 65
9 66
9 67
9 68
9 69
9 72
9 74
9 75
9 79
9 84
9 85
9 87
9 88
9 89
9 90
9 92
9 93
9 97
9 99
9 100
9 101
9 102
9 103
9 104
9 108
9 114
9 117
9 120
9 122
9 127
9 128
9 129
9 310
9 859
9 963
10 17
10 18
10 19
10 20
10 25
10 26
10 27
10 28
10 29
10 31
10 35
10 37
10 42
10 43
10 44
10 45
10 47
10 48
10 50
10 51
10 53
10 55
10 56
10 59
10 60
10 61
10 63
10 66
10 67
10 69
10 71
10 73
10 76
10 81
10 82
10 83
10 84
10 86
10 87
10 88
10 89
10 90
10 93
10 95
10 96
10 97
10 98
10 100
10 102
10 103
10 105
10 114
10 116
10 119
10 121
11 12
11 14
11 17
11 18
11 19
11 21
11 22
11 24
11 25
11 28
11 29
11 31
11 33
11 35
11 36
11 38
11 39
11 41
11 42
11 45
11 47
11 48
11 49
11 50
11 51
11 54
11 55
11 56
11 59
11 60
11 61
11 62
11 65
11 66
11 67
11 69
11 70
11 73
11 75
11 79
11 80
11 86
11 87
11 90
11 93
11 94
11 95
11 97
11 98
11 101
11 102
11 110
11 111
11 112
11 114
11 188
11 638
11 796
12 16
12 17
12 18
12 19
12 24
12 25
12 26
12 28
12 29
12 32
12 34
12 35
12 36
12 39
12 40
12 43
12 44
12 48
12 49
12 50
12 51
12 53
12 55
12 57
12 58
12 62
12 64
12 69
12 70
12 73
12 77
12 80
12 81
12 82
12 83
12 85
12 90
12 91
12 94
12 99
12 101
12 103
12 109
12 111
12 114
12 119
12 121
12 125
12 129
12 131
12 132
12 134
12 136
12 138
12 141
12 690
13 16
13 20
13 23
13 24
13 25
13 27
13 28
13 30
13 31
13 34
13 39
13 40
13 41
13 43
13 45
13 47
13 50
13 51
13 53
13 55
13 57
13 59
13 60
13 69
13 72
13 75
13 77
13 78
13 79
13 80
13 82
13 84
13 85
13 86
13 88
13 90
13 91
13 92
13 93
13 94
13 95
13 98
13 101
13 102
13 103
13 105
13 108
13 109
13 110
13 111
13 113
13 114
13 115
13 118
13 121
13 127
13 196
13 252
13 498
14 15
14 16
14 17
14 18
14 21
14 22
14 24
14 25
14 27
14 28
14 30
14 31
14 32
14 33
14 38
14 39
14 40
14 42
14 43
14 45
14 47
14 49
14 50
14 51
14 54
14 55
14 56
14 57
14 58
14 60
14 61
14 62
14 63
14 64
14 67
14 68
14 71
14 72
14 74
14 76
14 80
14 81
14 84
14 89
14 92
14 93
14 95
14 97
14 99
14 100
14 101
14 102
14 104
14 105
14 106
15 16
15 17
15 19
15 23
15 24
15 25
15 26
15 28
15 31
15 32
15 33
15 35
15 36
15 37
15 38
15 43
15 46
15 49
15 50
15 51
15 52
15 54
15 56
15 59
15 60
15 61
15 65
15 66
15 69
15 70
15 74
15 75
15 78
15 79
15 82
15 85
15 86
15 87
15 88
15 89
15 90
15 91
15 97
15 100
15 101
15 102
15 103
15 104
15 106
15 107
15 112
15 115
15 118
15 119
15 120
15 723
16 19
16 24
16 25
16 28
16 31
16 32
16 34
16 40
16 41
16 43
16 44
16 45
16 47
16 50
16 53
16 56
16 57
16 58
16 61
16 62
16 63
16 65
16 68
16 69
16 71
16 72
16 73
16 75
16 76
16 77
16 78
16 79
16 80
16 83
16 85
16 86
16 88
16 93
16 94
16 98
16 100
16 101
16 103
16 105
16 107
16 111
16 115
16 117
16 119
16 120
16 123
16 124
16 125
16 126
16 127
16 332
17 18
17 19
17 19
17 24
17 25
17 26
17 27
17 29
17 31
17 35
17 36
17 40
17 41
17 42
17 44
17 48
17 49
17 50
17 51
17 53
17 54
17 55
17 56
17 58
17 63
17 68
17 70
17 71
17 74
17 76
17 77
17 78
17 81
17 83
17 84
17 95
17 96
17 99
17 101
17 102
17 104
17 105
17 106
17 107
17 108
17 112
17 114
17 115
17 117
17 118
17 119
17 120
17 121
17 128
17 130
17 136
17 256
17 330
17 343
17 607
18 8
18 19
18 21
18 22
18 26
18 27
18 28
18 29
18 30
18 31
18 33
18 38
18 39
18 40
18 41
18 42
18 45
18 46
18 48
18 49
18 50
18 53
18 54
18 56
18 57
18 58
18 59
18 61
18 62
18 65
18 67
18 68
18 70
18 71
18 72
18 73
18 74
18 75
18 76
18 82
18 84
18 86
18 87
18 88
18 89
18 92
18 93
18 94
18 96
18 97
18 98
18 99
18 103
18 104
18 105
18 106
18 373
19 21
19 22
19 23
19 25
19 26
19 27
19 31
19 32
19 33
19 34
19 35
19 36
19 39
19 41
19 43
19 47
19 48
19 49
19 51
19 52
19 53
19 58
19 59
19 62
19 63
19 65
19 68
19 70
19 71
19 72
19 73
19 75
19 77
19 79
19 80
19 81
19 87
19 90
19 92
19 93
19 94
19 95
19 96
19 97
19 98
19 100
19 103
19 105
19 107
19 117
19 123
19 124
19 128
19 130
19 133
20 21
20 22
20 23
20 25
20 30
20 31
20 32
20 35
20 40
20 41
20 47
20 49
20 51
20 52
20 59
20 60
20 63
20 64
20 65
20 68
20 69
20 70
20 71
20 72
20 73
20 74
20 75
20 77
20 78
20 79
20 80
20 82
20 83
20 84
20 87
20 88
20 89
20 91
20 94
20 96
20 97
20 98
20 99
20 100
20 102
20 103
20 105
20 106
20 107
20 110
20 111
20 112
20 113
20 114
20 115
20 737
21 23
21 24
21 26
21 27
21 28
21 32
21 35
21 38
21 39
21 41
21 49
21 50
21 51
21 55
21 56
21 57
21 59
21 60
21 62
21 65
21 66
21 67
21 68
21 71
21 75
21 76
21 79
21 80
21 82
21 83
21 87
21 88
21 89
21 90
21 92
21 93
21 94
21 95
21 96
21 97
21 100
21 102
21 106
21 107
21 108
21 109
21 110
21 114
21 116
21 118
21 119
21 120
21 126
21 127
21 128
21 130
21 983
22 24
22 31
22 34
22 35
22 36
22 37
22 39
22 45
22 48
22 50
22 51
22 53
22 54
22 58
22 59
22 61
22 62
22 63
22 64
22 65
22 67
22 69
22 71
22 72
22 74
22 76
22 77
22 78
22 80
22 86
22 87
22 88
22 89
22 90
22 91
22 93
22 96
22 97
22 98
22 101
22 102
22 104
22 105
22 107
22 108
22 110
22 111
22 112
22 113
22 118
22 121
22 126
22 128
22 131
22 132
22 753
23 24
23 26
23 27
23 28
23 30
23 31
23 32
23 33
23 35
23 36
23 37
23 47
23 48
23 52
23 53
23 57
23 60
23 61
23 63
23 65
23 66
23 70
23 73
23 76
23 77
23 78
23 79
23 83
23 86
23 90
23 91
23 93
23 93
23 96
23 97
23 99
23 100
23 102
23 104
23 105
23 106
23 107
23 108
23 110
23 114
23 115
23 119
23 120
23 122
23 126
23 129
23 131
23 133
23 136
23 138
23 150
23 329
24 25
24 26
24 27
24 30
24 31
24 32
24 33
24 34
24 36
24 37
24 38
24 44
24 49
24 53
24 55
24 57
24 58
24 59
24 62
24 63
24 65
24 68
24 69
24 70
24 72
24 73
24 75
24 76
24 80
24 81
24 82
24 84
24 85
24 87
24 88
24 89
24 90
24 93
24 94
24 95
24 96
24 97
24 99
24 100
24 103
24 104
24 105
24 106
24 111
24 112
24 114
24 116
24 119
24 121
24 122
24 831
25 26
25 27
25 30
25 32
25 35
25 36
25 41
25 42
25 43
25 44
25 47
25 48
25 49
25 50
25 51
25 52
25 53
25 55
25 56
25 57
25 58
25 60
25 64
25 66
25 68
25 69
25 73
25 77
25 78
25 79
25 82
25 85
25 88
25 90
25 92
25 93
25 94
25 95
25 96
25 100
25 101
25 103
25 104
25 108
25 110
25 112
25 116
25 117
25 119
25 120
25 121
25 122
25 124
25 125
25 128
25 219
25 931
26 32
26 35
26 36
26 37
26 38
26 39
26 40
26 41
26 42
26 43
26 44
26 45
26 46
26 48
26 49
26 51
26 53
26 55
26 57
26 60
26 64
26 65
26 66
26 68
26 69
26 72
26 78
26 79
26 80
26 84
26 85
26 86
26 89
26 92
26 93
26 97
26 99
26 101
26 106
26 108
26 110
26 111
26 112
26 113
26 114
26 117
26 120
26 121
26 122
26 123
26 124
26 126
26 127
26 128
26 130
26 350
27 28
27 29
27 32
27 33
27 36
27 37
27 40
27 45
27 46
27 48
27 49
27 50
27 51
27 53
27 57
27 58
27 61
27 62
27 63
27 65
27 67
27 68
27 71
27 72
27 76
27 77
27 79
27 82
27 84
27 85
27 89
27 91
27 92
27 93
27 94
27 95
27 96
27 102
27 103
27 104
27 106
27 107
27 109
27 111
27 114
27 117
27 118
27 119
27 122
27 123
27 124
27 125
27 126
27 132
27 134
27 135
27 274
27 481
28 29
28 30
28 31
28 33
28 37
28 39
28 40
28 41
28 50
28 54
28 56
28 57
28 59
28 61
28 62
28 64
28 66
28 69
28 71
28 77
28 78
28 81
28 82
28 83
28 84
28 89
28 91
28 92
28 94
28 95
28 98
28 99
28 103
28 104
28 105
28 106
28 109
28 111
28 115
28 116
28 118
28 120
28 122
28 125
28 127
28 128
28 130
28 131
28 133
28 134
28 137
28 139
28 140
28 142
28 144
28 145
28 445
28 567
28 805
28 899
28 928
29 30
29 31
29 32
29 38
29 39
29 44
29 46
29 47
29 48
29 49
29 51
29 53
29 54
29 56
29 57
29 59
29 60
29 61
29 62
29 64
29 65
29 69
29 71
29 78
29 82
29 85
29 87
29 88
29 90
29 91
29 92
29 93
29 97
29 99
29 100
29 102
29 103
29 106
29 109
29 111
29 112
29 114
29 117
29 119
29 122
29 124
29 129
29 130
29 131
29 132
29 139
29 140
29 143
29 144
29 146
29 821
30 32
30 34
30 36
30 38
30 39
30 40
30 42
30 44
30 45
30 46
30 47
30 50
30 51
30 52
30 54
30 55
30 56
30 57
30 59
30 61
30 64
30 65
30 66
30 67
30 68
30 73
30 74
30 76
30 77
30 78
30 79
30 83
30 84
30 85
30 86
30 87
30 88
30 89
30 94
30 95
30 96
30 97
30 98
30 103
30 105
30 106
30 107
30 112
30 115
30 118
30 120
30 121
30 123
30 127
30 128
31 33
31 35
31 42
31 47
31 48
31 49
31 52
31 53
31 55
31 56
31 57
31 58
31 59
31 65
31 68
31 69
31 71
31 73
31 78
31 79
31 81
31 82
31 87
31 88
31 91
31 93
31 95
31 98
31 99
31 100
31 101
31 102
31 103
31 106
31 107
31 108
31 109
31 110
31 111
31 113
31 116
31 117
31 119
31 122
31 123
31 124
31 128
31 133
31 137
31 138
31 139
31 140
31 143
31 144
31 145
31 994
32 34
32 35
32 37
32 38
32 39
32 43
32 46
32 47
32 48
32 50
32 54
32 55
32 57
32 60
32 63
32 64
32 65
32 67
32 69
32 70
32 72
32 74
32 76
32 77
32 78
32 82
32 83
32 85
32 90
32 93
32 94
32 95
32 99
32 101
32 105
32 106
32 109
32 110
32 111
32 112
32 113
32 115
32 118
32 119
32 121
32 125
32 129
32 131
32 133
32 138
32 141
32 142
32 143
32 146
32 147
33 6
33 34
33 37
33 38
33 39
33 41
33 42
33 46
33 47
33 50
33 51
33 52
33 55
33 56
33 57
33 59
33 62
33 64
33 65
33 67
33 68
33 70
33 71
33 73
33 74
33 76
33 77
33 79
33 80
33 83
33 89
33 92
33 93
33 97
33 98
33 99
33 107
33 108
33 110
33 112
33 113
33 115
33 117
33 120
33 121
33 122
33 125
33 128
33 130
33 133
33 136
33 139
33 140
33 146
33 147
33 148
34 37
34 38
34 39
34 41
34 45
34 47
34 48
34 50
34 51
34 54
34 56
34 58
34 59
34 60
34 61
34 65
34 67
34 68
34 69
34 70
34 71
34 72
34 73
34 74
34 77
34 78
34 79
34 80
34 81
34 82
34 87
34 88
34 89
34 90
34 92
34 95
34 97
34 98
34 99
34 101
34 102
34 104
34 105
34 109
34 110
34 111
34 113
34 115
34 117
34 119
34 122
34 124
34 126
34 127
34 128
34 581
34 778
35 36
35 37
35 38
35 43
35 44
35 46
35 48
35 49
35 52
35 54
35 55
35 56
35 57
35 58
35 61
35 62
35 64
35 66
35 70
35 71
35 73
35 75
35 78
35 81
35 86
35 87
35 88
35 90
35 91
35 92
35 93
35 94
35 96
35 98
35 101
35 102
35 103
35 104
35 105
35 110
35 111
35 113
35 115
35 118
35 121
35 122
35 123
35 125
35 126
35 127
35 128
35 131
35 133
35 137
35 139
35 706
35 766
36 38
36 41
36 42
36 47
36 49
36 50
36 53
36 56
36 58
36 59
36 63
36 64
36 65
36 67
36 70
36 74
36 82
36 88
36 89
36 89
36 90
36 93
36 103
36 104
36 106
36 107
36 108
36 112
36 113
36 116
36 117
36 118
36 122
36 123
36 124
36 125
36 127
36 128
36 131
36 136
36 139
36 140
36 141
36 145
36 146
36 150
36 151
36 152
36 157
36 159
36 160
36 161
36 162
36 164
36 166
36 169
37 40
37 41
37 42
37 43
37 44
37 45
37 48
37 49
37 50
37 51
37 52
37 53
37 54
37 59
37 62
37 64
37 67
37 68
37 71
37 73
37 74
37 75
37 77
37 79
37 82
37 84
37 86
37 87
37 88
37 93
37 95
37 98
37 100
37 103
37 104
37 105
37 107
37 108
37 109
37 113
37 114
37 115
37 117
37 119
37 121
37 126
37 132
37 133
37 136
37 137
37 138
37 139
37 140
37 142
37 143
37 851
38 41
38 42
38 43
38 44
38 45
38 48
38 50
38 54
38 57
38 58
38 59
38 60
38 64
38 65
38 66
38 67
38 68
38 72
38 73
38 75
38 76
38 77
38 79
38 84
38 88
38 90
38 91
38 92
38 95
38 96
38 100
38 101
38 103
38 106
38 109
38 110
38 113
38 115
38 116
38 122
38 123
38 126
38 127
38 128
38 129
38 130
38 133
38 134
38 137
38 140
38 144
38 145
38 147
38 148
38 149
39 41
39 42
39 43
39 46
39 47
39 48
39 50
39 52
39 53
39 54
39 55
39 58
39 62
39 63
39 64
39 66
39 71
39 74
39 75
39 81
39 82
39 83
39 85
39 88
39 94
39 102
39 103
39 109
39 111
39 112
39 113
39 115
39 119
39 122
39 125
39 128
39 129
39 130
39 131
39 134
39 135
39 136
39 138
39 148
39 149
39 150
39 154
39 157
39 158
39 160
39 162
39 164
39 167
39 168
39 171
40 42
40 43
40 45
40 46
40 48
40 49
40 50
40 53
40 54
40 56
40 57
40 59
40 61
40 62
40 64
40 67
40 68
40 72
40 75
40 76
40 77
40 78
40 80
40 82
40 86
40 91
40 93
40 94
40 95
40 98
40 101
40 102
40 103
40 104
40 106
40 109
40 111
40 113
40 114
40 116
40 119
40 120
40 121
40 122
40 123
40 124
40 126
40 128
40 130
40 133
40 135
40 136
40 138
40 139
40 141
40 432
41 42
41 43
41 46
41 47
41 49
41 51
41 53
41 56
41 58
41 59
41 60
41 64
41 68
41 70
41 71
41 72
41 73
41 74
41 75
41 78
41 81
41 83
41 84
41 88
41 89
41 91
41 94
41 95
41 96
41 103
41 105
41 112
41 114
41 117
41 118
41 122
41 124
41 127
41 131
41 138
41 142
41 145
41 147
41 149
41 150
41 155
41 156
41 157
41 158
41 159
41 160
41 162
41 163
41 164
41 165
41 732
42 43
42 44
42 46
42 47
42 50
42 51
42 52
42 54
42 55
42 56
42 57
42 60
42 62
42 67
42 73
42 74
42 75
42 76
42 77
42 80
42 82
42 87
42 89
42 90
42 94
42 96
42 100
42 103
42 106
42 107
42 110
42 111
42 112
42 117
42 119
42 126
42 127
42 132
42 135
42 136
42 142
42 143
42 145
42 147
42 148
42 149
42 150
42 151
42 152
42 154
42 156
42 157
42 158
42 159
42 160
43 47
43 48
43 50
43 52
43 54
43 56
43 57
43 58
43 59
43 60
43 61
43 64
43 67
43 70
43 71
43 73
43 74
43 82
43 83
43 85
43 89
43 90
43 91
43 93
43 94
43 95
43 98
43 101
43 102
43 104
43 107
43 111
43 115
43 116
43 118
43 119
43 121
43 122
43 125
43 127
43 128
43 129
43 131
43 136
43 137
43 139
43 141
43 142
43 143
43 144
43 146
43 151
43 153
43 154
43 156
44 48
44 49
44 54
44 56
44 62
44 63
44 67
44 68
44 69
44 70
44 71
44 72
44 75
44 77
44 78
44 79
44 80
44 81
44 87
44 89
44 90
44 91
44 92
44 102
44 103
44 104
44 105
44 108
44 110
44 112
44 116
44 118
44 120
44 121
44 122
44 124
44 125
44 127
44 128
44 129
44 136
44 138
44 139
44 141
44 143
44 146
44 148
44 152
44 154
44 157
44 158
44 159
44 160
44 161
44 164
45 46
45 48
45 50
45 52
45 53
45 55
45 56
45 57
45 58
45 68
45 69
45 70
45 73
45 75
45 77
45 78
45 80
45 82
45 87
45 88
45 91
45 95
45 97
45 101
45 104
45 105
45 106
45 110
45 112
45 116
45 117
45 122
45 123
45 124
45 125
45 127
45 128
45 129
45 130
45 134
45 135
45 139
45 143
45 147
45 149
45 150
45 151
45 152
45 153
45 155
45 158
45 159
45 160
45 161
45 162
45 743
46 47
46 48
46 49
46 51
46 53
46 54
46 55
46 59
46 60
46 61
46 62
46 63
46 64
46 67
46 68
46 71
46 73
46 74
46 75
46 76
46 79
46 82
46 84
46 87
46 92
46 93
46 94
46 95
46 98
46 99
46 100
46 101
46 102
46 105
46 106
46 107
46 108
46 110
46 111
46 113
46 114
46 118
46 123
46 124
46 125
46 128
46 132
46 135
46 137
46 139
46 144
46 146
46 154
46 156
46 161
46 798
47 5
47 48
47 49
47 50
47 53
47 58
47 59
47 62
47 64
47 67
47 73
47 74
47 76
47 77
47 78
47 79
47 80
47 81
47 83
47 84
47 85
47 87
47 89
47 90
47 92
47 95
47 96
47 100
47 101
47 102
47 103
47 104
47 108
47 111
47 112
47 114
47 116
47 117
47 118
47 120
47 121
47 122
47 124
47 125
47 127
47 129
47 132
47 133
47 135
47 136
47 137
47 139
47 141
47 142
47 143
47 146
47 505
48 49
48 51
48 54
48 57
48 58
48 62
48 64
48 66
48 67
48 68
48 71
48 72
48 77
48 79
48 82
48 84
48 85
48 88
48 92
48 95
48 98
48 100
48 103
48 104
48 107
48 108
48 110
48 111
48 112
48 114
48 115
48 116
48 117
48 118
48 119
48 120
48 121
48 123
48 124
48 127
48 128
48 129
48 130
48 133
48 135
48 136
48 137
48 139
48 142
48 143
48 144
48 145
48 147
48 149
48 150
49 51
49 53
49 54
49 55
49 58
49 64
49 65
49 66
49 67
49 70
49 75
49 78
49 80
49 84
49 86
49 92
49 93
49 94
49 96
49 98
49 99
49 101
49 103
49 104
49 107
49 108
49 110
49 111
49 115
49 117
49 124
49 126
49 128
49 129
49 130
49 136
49 138
49 139
49 140
49 141
49 142
49 144
49 150
49 153
49 154
49 155
49 157
49 158
49 159
49 160
49 163
49 164
49 165
49 170
49 172
49 496
50 53
50 55
50 58
50 60
50 64
50 65
50 67
50 69
50 70
50 73
50 76
50 77
50 78
50 79
50 81
50 82
50 85
50 86
50 89
50 95
50 97
50 99
50 100
50 102
50 104
50 105
50 107
50 112
50 113
50 116
50 118
50 119
50 125
50 126
50 127
50 128
50 129
50 130
50 131
50 138
50 139
50 140
50 142
50 143
50 145
50 146
50 148
50 152
50 153
50 154
50 157
50 158
50 159
50 160
50 162
50 200
51 52
51 54
51 56
51 57
51 58
51 60
51 62
51 64
51 65
51 66
51 67
51 69
51 74
51 76
51 77
51 78
51 80
51 86
51 87
51 89
51 90
51 92
51 93
51 94
51 95
51 97
51 98
51 99
51 103
51 105
51 106
51 107
51 110
51 111
51 112
51 118
51 119
51 122
51 123
51 124
51 125
51 133
51 134
51 135
51 142
51 143
51 145
51 146
51 148
51 149
51 150
51 154
51 160
51 162
51 163
52 55
52 58
52 59
52 60
52 62
52 63
52 65
52 66
52 68
52 70
52 72
52 73
52 74
52 76
52 77
52 79
52 80
52 81
52 83
52 88
52 91
52 93
52 96
52 98
52 100
52 102
52 106
52 111
52 112
52 117
52 123
52 125
52 130
52 133
52 135
52 138
52 140
52 141
52 142
52 145
52 147
52 149
52 152
52 154
52 156
52 158
52 162
52 163
52 165
52 169
52 174
52 177
52 178
52 182
52 185
52 852
53 54
53 55
53 60
53 66
53 67
53 68
53 69
53 71
53 74
53 77
53 78
53 79
53 80
53 81
53 83
53 84
53 86
53 87
53 89
53 96
53 97
53 99
53 101
53 102
53 104
53 109
53 111
53 112
53 113
53 114
53 116
53 118
53 119
53 121
53 122
53 125
53 126
53 128
53 129
53 130
53 131
53 132
53 133
53 134
53 138
53 139
53 141
53 142
53 146
53 147
53 149
53 150
53 152
53 155
53 156
54 57
54 61
54 62
54 65
54 68
54 69
54 71
54 76
54 77
54 79
54 81
54 82
54 83
54 85
54 86
54 87
54 89
54 90
54 91
54 93
54 95
54 96
54 97
54 99
54 101
54 104
54 106
54 107
54 108
54 109
54 110
54 114
54 116
54 117
54 118
54 121
54 125
54 129
54 130
54 133
54 135
54 136
54 137
54 141
54 142
54 143
54 144
54 147
54 150
54 153
54 155
54 162
54 163
54 165
54 166
55 56
55 59
55 61
55 62
55 64
55 66
55 67
55 68
55 71
55 73
55 76
55 77
55 78
55 80
55 81
55 82
55 83
55 86
55 87
55 88
55 91
55 92
55 93
55 94
55 95
55 96
55 97
55 99
55 100
55 101
55 103
55 104
55 105
55 110
55 111
55 112
55 113
55 114
55 116
55 120
55 121
55 122
55 123
55 124
55 126
55 128
55 130
55 132
55 134
55 135
55 136
55 137
55 139
55 140
55 141
56 57
56 59
56 60
56 62
56 63
56 66
56 67
56 68
56 69
56 71
56 72
56 74
56 75
56 77
56 78
56 79
56 81
56 82
56 84
56 85
56 88
56 89
56 94
56 95
56 96
56 98
56 99
56 100
56 101
56 102
56 104
56 105
56 107
56 108
56 109
56 110
56 111
56 112
56 114
56 115
56 116
56 119
56 120
56 121
56 123
56 124
56 127
56 133
56 138
56 139
56 140
56 142
56 145
56 147
56 151
57 59
57 62
57 63
57 64
57 65
57 67
57 68
57 69
57 71
57 73
57 74
57 76
57 77
57 78
57 79
57 81
57 83
57 88
57 90
57 92
57 93
57 94
57 96
57 97
57 98
57 99
57 101
57 102
57 105
57 110
57 111
57 116
57 118
57 119
57 121
57 124
57 127
57 128
57 131
57 132
57 134
57 136
57 137
57 142
57 143
57 145
57 146
57 148
57 149
57 150
57 152
57 153
57 154
57 157
57 158
58 59
58 61
58 63
58 64
58 70
58 71
58 72
58 74
58 76
58 77
58 78
58 79
58 81
58 82
58 84
58 86
58 90
58 91
58 92
58 94
58 95
58 97
58 98
58 102
58 103
58 104
58 105
58 107
58 109
58 112
58 114
58 116
58 118
58 119
58 127
58 128
58 129
58 130
58 132
58 133
58 136
58 137
58 139
58 141
58 142
58 145
58 146
58 147
58 148
58 149
58 151
58 153
58 157
58 160
58 163
59 62
59 63
59 64
59 65
59 66
59 67
59 69
59 70
59 71
59 72
59 73
59 75
59 78
59 80
59 82
59 83
59 85
59 86
59 89
59 91
59 93
59 94
59 96
59 97
59 99
59 100
59 101
59 102
59 105
59 107
59 114
59 116
59 117
59 122
59 124
59 126
59 128
59 129
59 130
59 132
59 135
59 136
59 137
59 139
59 141
59 143
59 145
59 149
59 151
59 154
59 155
59 156
59 157
59 158
59 159
60 56
60 61
60 62
60 65
60 66
60 69
60 70
60 74
60 76
60 78
60 81
60 83
60 84
60 87
60 88
60 89
60 91
60 92
60 94
60 99
60 100
60 102
60 106
60 110
60 112
60 113
60 116
60 119
60 121
60 122
60 126
60 127
60 130
60 137
60 138
60 141
60 144
60 145
60 146
60 150
60 151
60 159
60 160
60 164
60 165
60 166
60 169
60 170
60 171
60 172
60 173
60 174
60 179
60 182
60 185
60 186
60 341
60 698
61 62
61 64
61 65
61 66
61 68
61 72
61 73
61 74
61 75
61 76
61 78
61 79
61 82
61 83
61 84
61 87
61 94
61 97
61 98
61 102
61 103
61 104
61 106
61 107
61 108
61 109
61 113
61 114
61 115
61 116
61 117
61 119
61 120
61 122
61 125
61 127
61 130
61 134
61 136
61 138
61 139
61 140
61 145
61 147
61 149
61 152
61 153
61 155
61 156
61 159
61 160
61 162
61 163
61 165
61 166
61 309
61 362
61 741
62 63
62 64
62 65
62 66
62 69
62 70
62 73
62 74
62 75
62 76
62 77
62 81
62 82
62 83
62 84
62 86
62 92
62 93
62 96
62 97
62 98
62 99
62 101
62 102
62 105
62 108
62 109
62 110
62 111
62 113
62 115
62 117
62 119
62 120
62 122
62 124
62 127
62 128
62 131
62 135
62 137
62 138
62 144
62 147
62 149
62 153
62 154
62 156
62 157
62 160
62 161
62 163
62 165
62 167
62 169
63 64
63 66
63 68
63 71
63 72
63 75
63 81
63 84
63 85
63 87
63 88
63 91
63 92
63 93
63 94
63 95
63 99
63 100
63 101
63 102
63 104
63 108
63 111
63 112
63 114
63 116
63 117
63 120
63 123
63 124
63 125
63 126
63 127
63 129
63 130
63 135
63 136
63 138
63 140
63 143
63 144
63 146
63 148
63 150
63 154
63 157
63 162
63 163
63 164
63 165
63 166
63 168
63 169
63 171
63 173
64 65
64 70
64 72
64 73
64 75
64 77
64 78
64 80
64 82
64 85
64 86
64 91
64 94
64 98
64 101
64 106
64 107
64 108
64 109
64 110
64 113
64 117
64 118
64 119
64 121
64 126
64 127
64 128
64 129
64 132
64 133
64 137
64 140
64 142
64 143
64 144
64 145
64 146
64 148
64 149
64 150
64 152
64 153
64 154
64 161
64 163
64 164
64 165
64 167
64 168
64 170
64 172
64 173
64 175
64 179
64 199
65 27
65 67
65 68
65 73
65 74
65 75
65 78
65 81
65 82
65 84
65 85
65 86
65 87
65 89
65 90
65 93
65 94
65 95
65 96
65 100
65 102
65 104
65 105
65 108
65 109
65 111
65 114
65 117
65 121
65 125
65 126
65 131
65 133
65 137
65 144
65 151
65 153
65 155
65 156
65 158
65 159
65 161
65 164
65 165
65 166
65 167
65 168
65 169
65 170
65 173
65 175
65 176
65 177
65 178
65 179
65 180
66 68
66 69
66 73
66 75
66 76
66 77
66 78
66 80
66 81
66 85
66 86
66 87
66 90
66 91
66 93
66 95
66 96
66 98
66 100
66 103
66 104
66 107
66 109
66 112
66 113
66 114
66 115
66 116
66 117
66 118
66 120
66 121
66 122
66 123
66 124
66 126
66 128
66 131
66 134
66 139
66 140
66 141
66 143
66 144
66 146
66 149
66 152
66 158
66 159
66 161
66 162
66 165
66 167
66 170
66 171
66 811
67 73
69 3
69 113
69 264
69 602
70 554
70 784
71 169
71 469
71 705
71 737
73 110
73 358
74 80
74 537
74 987
75 568
75 884
76 234
77 905
79 590
80 51
83 92
84 850
86 953
87 867
88 111
88 863
90 8
91 673
92 169
92 372
94 18
94 572
95 237
95 301
95 363
97 252
101 646
102 678
103 521
103 531
105 346
109 279
109 501
109 789
109 849
112 345
116 685
117 504
117 556
117 657
118 404
119 37
119 153
120 81
120 507
120 836
120 994
122 864
123 592
124 304
126 11
126 857
127 210
129 41
130 822
131 251
131 296
132 433
132 854
132 936
132 943
133 234
134 276
134 308
134 579
134 582
134 583
134 699
134 966
140 764
141 545
142 258
145 9
145 132
145 224
145 379
145 380
145 390
145 442
145 506
145 601
145 661
145 763
145 876
145 922
146 164
148 916
148 924
150 347
151 260
151 604
152 321
152 402
152 598
152 883
153 552
154 147
154 997
155 180
155 772
156 182
157 548
158 658
159 221
160 244
161 300
161 511
162 77
163 183
163 381
164 808
165 497
165 810
166 361
166 967
167 681
168 431
170 696
170 953
173 78
174 63
174 377
174 624
174 781
176 768
177 203
177 869
178 176
178 187
178 372
178 659
178 861
178 900
178 915
178 939
179 44
179 265
179 425
179 653
180 806
186 909
189 76
191 644
192 202
192 225
192 429
192 559
192 611
192 732
195 571
195 613
195 689
195 818
195 888
197 159
197 384
198 114
201 229
202 327
203 776
206 26
206 318
206 462
207 17
207 21
207 204
210 810
211 491
213 610
214 770
216 206
216 245
216 414
216 668
216 837
216 847
218 307
218 843
218 944
219 981
220 48
224 115
225 83
225 197
225 731
225 755
226 466
226 691
226 760
226 976
230 375
231 586
232 297
233 349
233 355
233 821
236 49
237 214
238 620
240 106
240 141
241 459
243 200
243 577
245 485
245 632
249 157
249 773
249 835
250 14
251 535
251 964
253 322
253 977
254 215
256 12
257 632
258 392
259 243
259 476
259 538
259 664
259 717
259 744
259 844
260 313
263 464
263 774
265 840
267 404
267 801
268 320
268 729
269 880
270 166
270 409
270 500
270 904
271 489
271 727
271 842
271 894
272 300
272 576
273 28
273 263
273 451
273 526
273 596
273 640
273 972
274 79
274 305
275 968
276 365
278 925
278 991
279 677
280 2
281 148
281 804
282 751
283 201
283 591
285 585
287 41
290 113
291 495
291 675
291 695
292 514
294 914
299 392
302 503
303 589
303 785
304 32
304 908
305 393
305 970
308 181
310 405
311 382
312 529
312 811
315 249
315 348
315 671
315 910
320 870
321 127
321 410
324 254
325 191
325 233
325 532
326 525
328 90
328 817
329 950
330 419
331 650
331 830
333 253
333 549
334 139
335 721
335 998
336 82
336 564
337 192
337 919
339 546
339 886
341 826
342 622
342 788
343 324
343 399
343 629
347 182
348 467
349 0
349 7
349 114
351 739
352 344
352 434
353 935
354 172
355 338
355 834
356 97
356 340
357 916
358 957
359 623
361 615
362 43
363 45
363 96
364 418
365 295
366 230
367 280
367 517
368 765
370 267
370 487
370 786
370 898
371 674
371 799
371 927
375 469
377 88
377 216
377 395
377 563
377 606
377 621
378 205
378 627
378 679
378 733
378 833
378 938
378 945
379 286
379 291
379 933
381 187
382 306
383 247
383 376
383 493
383 742
383 896
384 652
386 326
388 15
388 239
390 71
390 536
390 612
391 65
391 117
394 619
395 614
396 325
396 463
396 590
397 100
403 282
403 544
403 856
408 81
409 303
410 58
411 752
412 456
412 807
412 838
412 885
413 440
413 626
417 414
418 764
419 555
419 747
419 912
420 438
420 748
421 64
421 163
421 670
423 424
423 551
425 221
426 44
428 580
428 761
429 676
433 858
434 593
435 749
436 682
436 891
437 61
437 509
437 566
437 712
437 920
439 542
441 38
441 573
443 383
443 530
444 722
445 452
445 459
445 528
447 932
448 1
448 369
449 335
449 641
449 720
450 713
450 734
450 814
450 986
451 577
452 680
456 231
456 656
456 790
460 302
460 533
462 367
462 490
462 795
462 872
465 934
466 154
466 703
466 825
467 55
467 461
471 415
474 99
475 98
475 195
475 422
475 797
476 31
476 208
477 290
477 812
478 235
478 718
478 839
479 246
479 275
479 923
481 688
484 84
484 929
486 23
486 95
486 587
486 631
487 968
489 603
491 19
495 735
497 398
497 455
499 660
500 34
500 137
500 156
500 474
500 655
500 769
502 974
505 374
505 543
506 36
506 136
507 762
509 951
510 261
510 575
510 584
511 686
512 989
514 688
514 946
516 112
519 146
519 222
519 534
522 14
523 746
524 604
527 447
527 522
527 823
529 66
531 540
531 658
531 709
533 608
535 168
535 527
535 684
536 32
536 420
536 560
536 654
536 669
537 431
537 773
538 552
538 930
539 232
539 866
541 364
541 502
543 319
549 67
550 889
551 841
555 53
555 759
557 122
557 334
557 449
559 255
560 190
560 277
560 403
560 597
561 217
562 453
562 813
564 62
564 647
565 520
567 470
568 173
569 417
570 42
570 207
570 486
570 949
571 121
571 874
572 10
572 118
573 979
574 177
574 758
575 780
578 226
578 271
578 965
579 407
580 774
581 662
582 692
582 819
583 35
583 152
583 541
584 59
584 553
587 25
587 160
587 227
587 236
587 835
592 546
592 909
593 638
594 142
594 386
594 548
595 387
596 400
597 515
598 480
598 750
598 767
601 272
606 165
607 683
609 323
609 605
611 270
611 892
611 954
612 934
613 620
614 385
615 766
616 170
616 281
617 85
618 439
618 984
622 162
622 423
625 633
627 119
627 557
627 651
627 672
627 700
628 194
628 665
630 609
630 828
631 857
634 52
634 693
634 962
635 430
639 516
640 238
643 995
645 387
647 427
647 488
649 907
650 460
651 820
654 289
654 472
654 942
656 482
656 625
657 193
657 448
659 288
659 738
660 652
663 135
663 353
668 413
671 758
672 50
672 69
672 75
672 443
672 478
673 20
673 72
676 871
677 144
679 492
682 701
685 457
686 992
687 269
689 306
689 401
691 139
692 988
693 130
693 133
694 298
696 714
696 832
699 397
699 914
700 518
700 561
700 649
702 105
703 565
704 294
704 682
704 742
705 921
706 816
707 588
708 801
710 240
711 317
711 336
711 396
711 578
711 616
711 730
714 834
715 217
715 576
716 725
716 740
717 184
719 175
719 394
719 479
719 724
721 694
723 46
724 215
727 388
727 745
727 897
728 473
728 783
728 827
730 57
730 126
730 248
730 268
734 262
734 351
735 824
736 926
738 973
739 319
740 777
744 171
745 482
746 108
747 416
749 339
749 882
750 515
754 134
754 412
754 437
754 562
754 570
754 697
754 711
754 800
754 809
755 475
755 558
756 91
756 547
756 683
756 802
757 574
757 594
757 636
757 754
759 74
759 648
760 539
760 617
760 889
762 985
763 381
765 357
767 862
768 771
769 284
769 701
770 411
771 316
772 307
776 665
778 524
778 708
779 194
779 867
781 399
782 157
784 293
785 868
786 619
788 244
788 508
789 186
789 775
790 218
791 666
792 116
797 199
798 405
798 591
799 86
799 272
800 174
800 955
803 710
803 865
804 485
805 70
805 702
805 906
806 408
807 454
807 787
807 941
808 425
809 94
809 312
809 421
809 471
809 873
810 520
812 528
813 33
813 298
815 58
817 128
817 595
817 855
818 155
819 294
819 311
819 468
819 743
820 465
823 24
825 841
827 589
828 635
829 149
829 220
831 428
831 878
831 908
832 633
833 751
836 161
836 881
837 249
838 145
838 328
838 337
838 378
838 893
838 901
839 359
843 266
843 846
843 848
843 961
844 143
844 628
845 525
847 736
849 150
849 342
849 707
850 107
852 534
854 82
855 675
855 895
861 211
861 331
861 354
862 669
863 257
864 895
865 185
865 960
870 151
871 124
871 971
873 510
875 144
876 16
876 189
876 242
876 259
876 285
876 860
876 917
878 250
878 416
880 794
881 360
883 87
883 241
883 902
883 940
884 444
885 4
888 435
888 975
889 748
890 273
890 333
890 370
890 477
890 484
890 645
890 757
892 40
892 129
892 600
892 716
892 792
893 417
893 458
894 229
894 756
896 969
897 599
898 167
898 213
898 924
899 140
899 366
899 704
901 315
901 523
901 993
902 782
903 426
903 911
904 22
906 223
906 642
907 352
907 663
908 317
909 401
911 791
912 278
913 982
915 60
915 131
915 371
919 178
919 803
919 956
919 980
920 639
920 644
922 115
923 350
924 513
925 996
928 793
929 483
929 569
929 614
931 208
932 338
933 634
936 494
937 30
937 125
937 138
938 389
939 643
939 667
939 937
940 179
940 436
940 637
941 719
942 309
942 607
944 158
945 283
945 728
946 368
949 209
949 918
951 815
951 877
954 120
954 183
954 519
954 990
955 47
955 292
955 391
955 875
956 441
956 958
959 455
961 39
963 913
964 779
965 13
965 446
965 630
966 299
966 450
966 512
966 687
968 264
971 314
972 102
972 212
973 715
973 829
973 978
974 287
976 853
976 952
979 402
980 103
980 356
980 499
981 959
983 887
984 123
984 228
984 726
985 406
987 845
988 227
989 407
990 385
993 54
993 198
993 550
995 879
997 935
998 618
