nodes: 1638 edges: 7104
0 4
0 6
0 7
0 8
0 9
0 11
0 12
0 13
0 15
0 16
0 18
0 19
0 20
0 23
0 27
0 28
0 30
0 33
0 40
0 41
0 44
0 47
0 48
0 53
0 57
0 59
0 63
0 65
0 66
0 69
0 70
0 71
0 73
0 75
0 76
0 78
0 80
0 82
0 83
0 85
0 86
0 87
0 89
0 90
0 91
0 100
0 101
0 102
0 103
0 107
0 111
0 112
0 114
0 116
0 119
0 120
0 121
0 122
0 123
0 126
0 128
0 129
0 130
0 132
0 133
0 134
0 137
0 140
0 141
0 144
0 145
1 2
1 3
1 4
1 6
1 7
1 9
1 12
1 13
1 14
1 16
1 17
1 18
1 20
1 22
1 23
1 25
1 27
1 29
1 30
1 32
1 34
1 35
1 36
1 41
1 44
1 45
1 46
1 47
1 50
1 51
1 55
1 56
1 60
1 64
1 73
1 74
1 75
1 76
1 80
1 81
1 82
1 83
1 85
1 87
1 89
1 91
1 92
1 94
1 95
1 96
1 97
1 98
1 100
1 104
1 108
1 110
1 111
1 113
1 116
1 117
1 120
1 121
1 123
1 124
1 125
1 126
1 128
1 131
1 135
1 142
1 143
1 999
1 1297
2 3
2 13
2 15
2 18
2 19
2 22
2 23
2 24
2 28
2 29
2 30
2 31
2 34
2 35
2 36
2 40
2 41
2 43
2 44
2 45
2 46
2 47
2 49
2 50
2 51
2 52
2 53
2 54
2 56
2 57
2 66
2 67
2 68
2 72
2 75
2 76
2 77
2 78
2 81
2 83
2 85
2 86
2 87
2 89
2 93
2 94
2 95
2 96
2 101
2 105
2 107
2 109
2 110
2 111
2 113
2 115
2 118
2 120
2 123
2 125
2 127
2 128
2 131
2 132
2 133
2 136
2 139
2 140
2 143
2 146
2 150
2 153
3 4
3 5
3 6
3 9
3 12
3 14
3 17
3 18
3 19
3 21
3 22
3 27
3 28
3 31
3 32
3 33
3 34
3 38
3 39
3 40
3 41
3 42
3 43
3 45
3 46
3 50
3 52
3 53
3 58
3 59
3 60
3 62
3 63
3 66
3 69
3 75
3 78
3 79
3 82
3 84
3 86
3 87
3 91
3 92
3 94
3 99
3 101
3 102
3 103
3 105
3 106
3 107
3 108
3 109
3 111
3 112
3 113
3 114
3 116
3 117
3 118
3 119
3 121
3 126
3 128
3 129
3 138
3 140
3 141
3 142
3 144
3 211
4 5
4 6
4 7
4 14
4 15
4 16
4 17
4 19
4 20
4 21
4 23
4 24
4 26
4 27
4 28
4 29
4 31
4 37
4 41
4 42
4 45
4 46
4 47
4 49
4 51
4 53
4 55
4 60
4 61
4 64
4 66
4 68
4 69
4 71
4 73
4 74
4 75
4 76
4 81
4 82
4 87
4 91
4 92
4 93
4 95
4 96
4 98
4 102
4 103
4 105
4 106
4 107
4 108
4 110
4 111
4 113
4 114
4 116
4 124
4 125
4 127
4 129
4 131
4 133
4 136
4 137
4 144
4 145
4 150
4 151
4 152
4 486
5 6
5 7
5 8
5 9
5 12
5 14
5 16
5 19
5 20
5 21
5 22
5 27
5 30
5 33
5 34
5 35
5 36
5 37
5 39
5 41
5 43
5 44
5 45
5 47
5 54
5 55
5 56
5 57
5 59
5 60
5 62
5 63
5 64
5 66
5 68
5 69
5 70
5 71
5 72
5 75
5 76
5 78
5 79
5 80
5 82
5 85
5 90
5 95
5 99
5 104
5 106
5 113
5 115
5 116
5 118
5 120
5 121
5 124
5 126
5 128
5 129
5 130
5 132
5 133
5 134
5 138
5 140
5 141
5 142
5 143
5 145
6 7
6 8
6 9
6 10
6 13
6 15
6 18
6 19
6 21
6 22
6 23
6 27
6 29
6 30
6 32
6 33
6 34
6 35
6 36
6 39
6 40
6 41
6 42
6 43
6 46
6 47
6 52
6 53
6 56
6 59
6 60
6 61
6 63
6 66
6 67
6 71
6 72
6 74
6 75
6 76
6 77
6 79
6 81
6 83
6 84
6 85
6 87
6 88
6 89
6 90
6 91
6 92
6 95
6 97
6 98
6 99
6 100
6 102
6 103
6 104
6 105
6 106
6 111
6 112
6 113
6 115
6 116
6 117
6 118
6 119
6 122
6 768
6 1563
7 9
7 10
7 11
7 13
7 16
7 19
7 21
7 22
7 23
7 25
7 26
7 27
7 28
7 29
7 32
7 33
7 34
7 35
7 38
7 42
7 44
7 45
7 47
7 54
7 55
7 57
7 63
7 65
7 66
7 67
7 70
7 71
7 72
7 75
7 78
7 83
7 84
7 88
7 89
7 90
7 92
7 96
7 98
7 99
7 101
7 106
7 117
7 119
7 120
7 122
7 125
7 127
7 128
7 129
7 130
7 131
7 132
7 133
7 136
7 137
7 138
7 142
7 145
7 146
7 147
7 150
7 155
7 159
7 160
7 163
7 164
8 9
8 11
8 12
8 14
8 15
8 17
8 19
8 23
8 25
8 27
8 28
8 31
8 34
8 38
8 39
8 40
8 45
8 48
8 52
8 54
8 57
8 60
8 61
8 62
8 63
8 65
8 67
8 73
8 80
8 81
8 84
8 86
8 87
8 93
8 95
8 97
8 101
8 106
8 107
8 109
8 110
8 111
8 114
8 116
8 118
8 126
8 127
8 128
8 130
8 135
8 136
8 137
8 140
8 141
8 142
8 143
8 145
8 150
8 153
8 154
8 157
8 165
8 167
8 170
8 172
8 174
8 175
8 176
8 177
8 178
8 179
9 11
9 15
9 20
9 22
9 26
9 28
9 37
9 38
9 39
9 42
9 46
9 47
9 49
9 51
9 55
9 57
9 60
9 62
9 65
9 66
9 69
9 70
9 73
9 74
9 76
9 77
9 78
9 79
9 80
9 81
9 82
9 85
9 87
9 90
9 91
9 94
9 95
9 96
9 97
9 99
9 101
9 105
9 106
9 108
9 110
9 112
9 113
9 115
9 116
9 123
9 126
9 127
9 128
9 129
9 130
9 133
9 135
9 136
9 141
9 144
9 146
9 150
9 152
9 156
9 159
9 160
9 161
9 162
9 164
9 165
9 166
10 11
10 12
10 13
10 15
10 16
10 19
10 23
10 25
10 26
10 27
10 30
10 31
10 32
10 33
10 36
10 37
10 38
10 39
10 40
10 41
10 42
10 44
10 46
10 52
10 54
10 56
10 61
10 62
10 63
10 69
10 70
10 72
10 75
10 76
10 77
10 79
10 80
10 81
10 83
10 84
10 86
10 89
10 90
10 91
10 93
10 94
10 95
10 97
10 98
10 99
10 101
10 102
10 103
10 104
10 107
10 109
10 110
10 116
10 118
10 119
10 122
10 127
10 128
10 129
10 130
10 131
10 135
10 136
10 137
10 145
10 147
10 293
10 1031
10 1096
11 14
11 15
11 16
11 17
11 18
11 24
11 26
11 31
11 32
11 34
11 37
11 39
11 40
11 43
11 46
11 47
11 48
11 50
11 51
11 52
11 53
11 54
11 55
11 57
11 58
11 59
11 60
11 62
11 63
11 64
11 65
11 66
11 67
11 68
11 71
11 72
11 73
11 76
11 77
11 82
11 83
11 90
11 93
11 94
11 96
11 97
11 99
11 101
11 105
11 106
11 109
11 110
11 113
11 115
11 117
11 118
11 120
11 122
11 127
11 128
11 131
11 133
11 137
11 140
11 141
11 145
11 146
11 147
11 148
11 149
11 154
11 1472
11 1551
12 13
12 17
12 18
12 20
12 21
12 24
12 25
12 27
12 28
12 30
12 32
12 33
12 34
12 37
12 39
12 42
12 44
12 45
12 46
12 47
12 48
12 50
12 51
12 52
12 53
12 54
12 55
12 56
12 57
12 59
12 63
12 66
12 68
12 70
12 71
12 73
12 74
12 77
12 80
12 81
12 84
12 88
12 90
12 91
12 92
12 93
12 94
12 95
12 97
12 98
12 100
12 107
12 108
12 109
12 113
12 115
12 116
12 119
12 123
12 125
12 129
12 132
12 133
12 137
12 138
12 141
12 143
12 147
12 152
12 153
12 154
13 15
13 18
13 20
13 23
13 25
13 26
13 27
13 28
13 30
13 31
13 32
13 35
13 36
13 39
13 41
13 43
13 44
13 45
13 47
13 48
13 50
13 52
13 56
13 57
13 59
13 60
13 61
13 62
13 64
13 65
13 66
13 68
13 69
13 73
13 74
13 75
13 77
13 78
13 79
13 81
13 83
13 87
13 89
13 91
13 92
13 95
13 97
13 98
13 99
13 101
13 105
13 107
13 109
13 110
13 111
13 112
13 114
13 115
13 116
13 117
13 118
13 122
13 123
13 125
13 126
13 128
13 129
13 132
13 133
13 135
13 137
14 16
14 17
14 18
14 20
14 25
14 26
14 27
14 28
14 29
14 30
14 31
14 32
14 33
14 38
14 41
14 45
14 48
14 50
14 51
14 52
14 58
14 59
14 60
14 61
14 62
14 66
14 69
14 77
14 80
14 81
14 82
14 84
14 85
14 86
14 87
14 88
14 90
14 92
14 94
14 95
14 96
14 105
14 106
14 109
14 111
14 112
14 114
14 115
14 116
14 117
14 120
14 122
14 123
14 124
14 127
14 130
14 133
14 134
14 135
14 137
14 138
14 140
14 141
14 142
14 143
14 144
14 146
14 149
14 150
14 154
14 155
14 1399
15 20
15 21
15 24
15 25
15 27
15 29
15 32
15 33
15 36
15 39
15 40
15 41
15 43
15 44
15 46
15 48
15 49
15 52
15 54
15 55
15 60
15 61
15 63
15 69
15 70
15 71
15 73
15 76
15 78
15 79
15 81
15 83
15 85
15 86
15 87
15 94
15 95
15 99
15 100
15 101
15 104
15 106
15 108
15 109
15 110
15 112
15 114
15 116
15 120
15 122
15 124
15 125
15 126
15 129
15 130
15 132
15 133
15 136
15 138
15 142
15 143
15 144
15 146
15 150
15 152
15 159
15 161
15 163
15 164
15 166
15 167
15 555
15 929
15 1486
16 17
16 18
16 20
16 21
16 24
16 25
16 26
16 27
16 28
16 29
16 32
16 33
16 34
16 36
16 39
16 40
16 41
16 42
16 44
16 48
16 51
16 52
16 54
16 57
16 59
16 60
16 61
16 62
16 64
16 66
16 67
16 69
16 70
16 71
16 76
16 79
16 82
16 84
16 85
16 88
16 89
16 91
16 92
16 93
16 95
16 99
16 101
16 104
16 105
16 106
16 107
16 110
16 111
16 112
16 113
16 115
16 117
16 120
16 122
16 124
16 125
16 126
16 127
16 128
16 129
16 130
16 131
16 132
16 135
16 139
16 140
16 248
16 904
16 1351
17 24
17 25
17 26
17 27
17 28
17 29
17 30
17 31
17 33
17 34
17 45
17 51
17 53
17 55
17 56
17 57
17 58
17 60
17 62
17 64
17 65
17 69
17 71
17 72
17 73
17 74
17 75
17 76
17 77
17 80
17 82
17 84
17 86
17 87
17 89
17 90
17 92
17 99
17 100
17 107
17 108
17 114
17 116
17 117
17 118
17 119
17 120
17 123
17 130
17 131
17 132
17 133
17 135
17 137
17 138
17 139
17 141
17 142
17 146
17 147
17 149
17 150
17 151
17 152
17 160
17 165
17 167
17 168
17 171
17 172
17 173
17 689
18 22
18 24
18 28
18 29
18 31
18 33
18 35
18 37
18 38
18 40
18 43
18 44
18 45
18 47
18 50
18 51
18 54
18 57
18 60
18 62
18 65
18 68
18 69
18 71
18 72
18 73
18 77
18 78
18 79
18 80
18 81
18 84
18 85
18 86
18 87
18 88
18 89
18 90
18 92
18 93
18 94
18 97
18 99
18 100
18 101
18 102
18 103
18 104
18 105
18 106
18 109
18 111
18 116
18 117
18 118
18 119
18 120
18 122
18 123
18 126
18 127
18 130
18 133
18 134
18 135
18 136
18 139
18 140
18 141
18 143
18 145
18 333
19 22
19 23
19 24
19 25
19 26
19 27
19 29
19 30
19 32
19 33
19 35
19 36
19 38
19 41
19 44
19 45
19 46
19 48
19 54
19 58
19 60
19 63
19 64
19 65
19 66
19 67
19 73
19 74
19 75
19 76
19 78
19 79
19 82
19 83
19 85
19 86
19 87
19 93
19 94
19 96
19 97
19 98
19 102
19 108
19 109
19 111
19 112
19 113
19 114
19 115
19 117
19 119
19 121
19 122
19 123
19 124
19 125
19 127
19 128
19 129
19 132
19 134
19 136
19 137
19 139
19 141
19 142
19 143
19 144
19 146
19 148
19 680
19 1600
20 23
20 25
20 28
20 29
20 30
20 31
20 34
20 35
20 37
20 39
20 40
20 43
20 44
20 45
20 47
20 49
20 51
20 52
20 54
20 56
20 57
20 59
20 60
20 61
20 62
20 63
20 65
20 66
20 68
20 71
20 72
20 73
20 75
20 78
20 79
20 81
20 84
20 85
20 86
20 91
20 92
20 93
20 94
20 98
20 99
20 101
20 103
20 105
20 106
20 107
20 117
20 118
20 120
20 123
20 128
20 129
20 131
20 132
20 133
20 136
20 139
20 140
20 141
20 146
20 147
20 148
20 150
20 152
20 153
20 154
20 155
21 25
21 27
21 31
21 33
21 34
21 35
21 36
21 37
21 38
21 39
21 40
21 41
21 44
21 46
21 48
21 49
21 50
21 53
21 54
21 56
21 59
21 60
21 61
21 63
21 64
21 65
21 66
21 68
21 71
21 72
21 74
21 75
21 76
21 79
21 81
21 85
21 87
21 88
21 90
21 91
21 94
21 95
21 96
21 97
21 98
21 99
21 100
21 101
21 102
21 104
21 105
21 107
21 109
21 110
21 113
21 114
21 115
21 116
21 117
21 118
21 119
21 120
21 123
21 125
21 131
21 133
21 135
21 136
21 137
21 138
21 143
21 1161
21 1499
22 23
22 24
22 25
22 26
22 28
22 29
22 30
22 32
22 34
22 38
22 40
22 41
22 42
22 43
22 44
22 47
22 48
22 50
22 53
22 54
22 55
22 60
22 61
22 63
22 64
22 67
22 68
22 72
22 73
22 74
22 76
22 78
22 83
22 84
22 85
22 86
22 87
22 89
22 90
22 91
22 92
22 93
22 97
22 98
22 99
22 101
22 105
22 106
22 107
22 108
22 109
22 113
22 116
22 118
22 121
22 122
22 124
22 125
22 126
22 127
22 128
22 129
22 131
22 132
22 133
22 136
22 137
22 139
22 140
22 142
22 143
22 331
22 512
22 1058
22 1544
23 24
23 25
23 27
23 29
23 32
23 33
23 35
23 40
23 41
23 42
23 45
23 47
23 51
23 53
23 57
23 58
23 59
23 61
23 63
23 67
23 68
23 72
23 76
23 77
23 79
23 81
23 84
23 85
23 87
23 89
23 91
23 94
23 95
23 99
23 101
23 102
23 103
23 104
23 105
23 109
23 110
23 112
23 113
23 118
23 123
23 124
23 126
23 130
23 133
23 135
23 137
23 139
23 140
23 143
23 145
23 151
23 152
23 156
23 160
23 161
23 163
23 164
23 166
23 167
23 168
23 169
23 171
23 172
23 174
23 176
23 177
23 1437
24 25
24 26
24 27
24 30
24 31
24 33
24 35
24 43
24 46
24 47
24 49
24 54
24 55
24 57
24 58
24 59
24 61
24 64
24 70
24 77
24 78
24 81
24 82
24 83
24 84
24 86
24 88
24 89
24 90
24 92
24 95
24 96
24 97
24 98
24 101
24 102
24 103
24 106
24 107
24 110
24 112
24 119
24 120
24 125
24 127
24 128
24 129
24 133
24 137
24 141
24 144
24 145
24 149
24 151
24 152
24 154
24 156
24 157
24 159
24 167
24 168
24 169
24 174
24 175
24 176
24 178
24 179
24 180
24 181
24 182
24 183
25 27
25 31
25 33
25 34
25 36
25 41
25 44
25 45
25 47
25 48
25 50
25 52
25 59
25 60
25 61
25 64
25 66
25 70
25 71
25 77
25 78
25 83
25 84
25 86
25 87
25 88
25 89
25 91
25 92
25 93
25 94
25 95
25 96
25 98
25 99
25 101
25 102
25 103
25 105
25 110
25 112
25 113
25 114
25 115
25 117
25 119
25 121
25 122
25 125
25 126
25 129
25 131
25 132
25 133
25 135
25 136
25 137
25 139
25 143
25 144
25 145
25 146
25 147
25 149
25 150
25 151
25 157
25 159
25 160
25 164
25 165
25 1390
26 27
26 29
26 30
26 31
26 32
26 38
26 39
26 44
26 45
26 48
26 49
26 54
26 56
26 57
26 58
26 62
26 64
26 65
26 67
26 73
26 76
26 77
26 79
26 80
26 81
26 83
26 85
26 87
26 89
26 90
26 92
26 94
26 96
26 98
26 100
26 102
26 104
26 105
26 106
26 107
26 109
26 112
26 114
26 116
26 119
26 120
26 121
26 123
26 124
26 128
26 129
26 130
26 131
26 132
26 133
26 137
26 138
26 139
26 141
26 146
26 147
26 151
26 152
26 153
26 155
26 158
26 161
26 164
26 167
26 168
26 173
26 1107
27 28
27 31
27 32
27 35
27 36
27 37
27 38
27 44
27 45
27 47
27 48
27 49
27 52
27 53
27 54
27 55
27 58
27 60
27 61
27 63
27 64
27 65
27 66
27 67
27 69
27 70
27 71
27 73
27 75
27 76
27 79
27 85
27 87
27 90
27 92
27 98
27 99
27 100
27 102
27 103
27 107
27 108
27 115
27 116
27 117
27 122
27 123
27 125
27 128
27 130
27 131
27 133
27 134
27 138
27 139
27 140
27 143
27 146
27 147
27 148
27 149
27 152
27 152
27 154
27 156
27 157
27 158
27 159
27 161
27 167
27 168
27 169
28 30
28 33
28 37
28 39
28 41
28 43
28 46
28 47
28 48
28 49
28 50
28 52
28 55
28 56
28 57
28 58
28 59
28 60
28 61
28 62
28 63
28 64
28 68
28 70
28 72
28 73
28 74
28 75
28 77
28 79
28 80
28 81
28 86
28 87
28 91
28 92
28 93
28 94
28 95
28 97
28 101
28 103
28 107
28 108
28 113
28 114
28 118
28 119
28 121
28 122
28 124
28 126
28 130
28 132
28 133
28 135
28 136
28 137
28 139
28 140
28 141
28 142
28 143
28 145
28 148
28 149
28 151
28 153
28 154
28 156
28 159
29 32
29 34
29 36
29 37
29 40
29 41
29 42
29 43
29 44
29 45
29 48
29 52
29 55
29 56
29 57
29 58
29 59
29 60
29 61
29 62
29 63
29 66
29 67
29 68
29 71
29 72
29 73
29 75
29 77
29 79
29 80
29 82
29 83
29 84
29 85
29 87
29 88
29 89
29 90
29 91
29 93
29 98
29 100
29 101
29 103
29 104
29 106
29 107
29 108
29 112
29 113
29 115
29 117
29 119
29 120
29 121
29 122
29 124
29 125
29 126
29 127
29 130
29 132
29 135
29 136
29 138
29 141
29 142
29 143
29 144
29 146
29 1388
30 32
30 34
30 36
30 38
30 41
30 42
30 46
30 48
30 51
30 52
30 53
30 56
30 57
30 58
30 59
30 61
30 64
30 69
30 71
30 72
30 74
30 78
30 80
30 81
30 82
30 83
30 84
30 85
30 86
30 88
30 90
30 92
30 93
30 96
30 98
30 99
30 101
30 103
30 104
30 106
30 108
30 109
30 111
30 112
30 114
30 117
30 119
30 121
30 122
30 123
30 124
30 125
30 126
30 127
30 128
30 129
30 132
30 134
30 135
30 137
30 141
30 143
30 145
30 148
30 149
30 150
30 151
30 154
30 156
30 157
30 158
30 843
31 33
31 36
31 39
31 40
31 41
31 42
31 43
31 46
31 47
31 49
31 50
31 52
31 53
31 54
31 55
31 56
31 59
31 60
31 61
31 64
31 65
31 67
31 68
31 70
31 75
31 76
31 78
31 79
31 80
31 86
31 88
31 90
31 92
31 93
31 98
31 100
31 103
31 104
31 105
31 106
31 107
31 108
31 111
31 112
31 113
31 114
31 117
31 118
31 119
31 120
31 126
31 129
31 130
31 132
31 134
31 143
31 144
31 147
31 148
31 149
31 151
31 153
31 156
31 157
31 161
31 162
31 163
31 164
31 165
31 166
31 167
31 168
31 1322
32 33
32 34
32 35
32 36
32 37
32 38
32 40
32 41
32 44
32 48
32 49
32 51
32 52
32 53
32 54
32 56
32 60
32 64
32 65
32 66
32 68
32 70
32 71
32 72
32 73
32 76
32 77
32 80
32 82
32 85
32 86
32 88
32 89
32 90
32 93
32 94
32 96
32 97
32 103
32 106
32 107
32 108
32 109
32 110
32 115
32 117
32 121
32 124
32 125
32 127
32 128
32 129
32 130
32 135
32 136
32 142
32 147
32 148
32 151
32 152
32 155
32 157
32 158
32 161
32 163
32 166
32 167
32 171
32 172
32 173
32 174
33 38
33 40
33 41
33 42
33 43
33 44
33 45
33 47
33 51
33 52
33 56
33 57
33 63
33 64
33 67
33 69
33 73
33 76
33 77
33 79
33 81
33 84
33 85
33 86
33 92
33 93
33 94
33 95
33 96
33 100
33 102
33 103
33 105
33 108
33 109
33 110
33 112
33 114
33 115
33 118
33 120
33 122
33 123
33 124
33 128
33 129
33 131
33 132
33 134
33 135
33 137
33 138
33 140
33 141
33 145
33 146
33 147
33 148
33 150
33 152
33 153
33 157
33 159
33 161
33 162
33 164
33 165
33 166
33 170
33 171
33 172
33 600
33 859
33 1128
33 1620
34 35
34 37
34 38
34 40
34 41
34 46
34 47
34 48
34 51
34 52
34 53
34 54
34 56
34 58
34 60
34 61
34 62
34 65
34 68
34 69
34 71
34 72
34 73
34 75
34 76
34 78
34 79
34 80
34 82
34 85
34 87
34 89
34 90
34 91
34 93
34 94
34 95
34 96
34 97
34 99
34 101
34 102
34 104
34 111
34 112
34 113
34 115
34 117
34 119
34 122
34 123
34 124
34 126
34 130
34 131
34 132
34 134
34 135
34 136
34 138
34 142
34 144
34 145
34 150
34 152
34 154
34 158
34 159
34 160
34 163
34 165
35 36
35 39
35 40
35 46
35 48
35 50
35 55
35 57
35 60
35 61
35 62
35 63
35 64
35 65
35 66
35 67
35 69
35 71
35 73
35 74
35 79
35 80
35 82
35 83
35 85
35 86
35 89
35 90
35 91
35 92
35 93
35 97
35 101
35 107
35 113
35 114
35 119
35 121
35 122
35 123
35 125
35 126
35 128
35 134
35 138
35 139
35 142
35 145
35 148
35 149
35 150
35 151
35 153
35 154
35 156
35 158
35 159
35 162
35 164
35 165
35 167
35 169
35 170
35 172
35 174
35 178
35 179
35 180
35 183
35 185
35 187
35 1184
36 38
36 39
36 42
36 45
36 46
36 48
36 52
36 54
36 58
36 59
36 60
36 63
36 64
36 65
36 77
36 79
36 81
36 82
36 85
36 88
36 89
36 90
36 92
36 93
36 94
36 95
36 96
36 97
36 98
36 100
36 102
36 104
36 106
36 108
36 110
36 112
36 113
36 114
36 115
36 116
36 117
36 118
36 119
36 120
36 121
36 123
36 124
36 125
36 130
36 131
36 132
36 135
36 136
36 138
36 139
36 140
36 141
36 142
36 143
36 147
36 149
36 155
36 156
36 157
36 158
36 160
36 162
36 164
36 165
36 166
36 168
37 39
37 40
37 41
37 46
37 47
37 48
37 49
37 52
37 53
37 54
37 56
37 63
37 65
37 67
37 72
37 74
37 76
37 79
37 80
37 85
37 86
37 87
37 89
37 91
37 92
37 95
37 97
37 99
37 102
37 105
37 107
37 108
37 110
37 111
37 117
37 118
37 124
37 125
37 131
37 134
37 135
37 136
37 137
37 139
37 142
37 144
37 145
37 146
37 147
37 149
37 151
37 153
37 154
37 155
37 156
37 158
37 160
37 164
37 168
37 169
37 170
37 173
37 175
37 177
37 178
37 181
37 182
37 183
37 184
37 185
37 186
37 248
38 40
38 42
38 45
38 47
38 48
38 49
38 50
38 52
38 53
38 54
38 56
38 59
38 61
38 62
38 63
38 64
38 65
38 66
38 70
38 71
38 72
38 73
38 78
38 84
38 85
38 86
38 88
38 90
38 91
38 92
38 93
38 95
38 96
38 97
38 98
38 99
38 103
38 106
38 107
38 113
38 115
38 119
38 120
38 121
38 124
38 125
38 128
38 129
38 132
38 133
38 137
38 139
38 140
38 141
38 143
38 144
38 146
38 147
38 148
38 150
38 151
38 152
38 153
38 154
38 155
38 158
38 159
38 160
38 165
38 167
38 170
38 171
38 1385
39 40
39 41
39 43
39 44
39 46
39 49
39 51
39 52
39 53
39 55
39 57
39 58
39 62
39 64
39 65
39 66
39 68
39 70
39 72
39 73
39 75
39 76
39 78
39 79
39 80
39 81
39 84
39 87
39 89
39 90
39 92
39 94
39 95
39 98
39 100
39 103
39 107
39 108
39 111
39 112
39 116
39 118
39 121
39 122
39 123
39 125
39 127
39 128
39 129
39 130
39 131
39 133
39 135
39 137
39 138
39 140
39 141
39 142
39 143
39 148
39 149
39 150
39 152
39 153
39 155
39 156
39 157
39 161
39 164
39 165
39 166
39 744
39 1320
39 1450
40 41
40 42
40 43
40 47
40 48
40 49
40 50
40 51
40 52
40 54
40 55
40 56
40 59
40 60
40 62
40 64
40 65
40 75
40 77
40 78
40 79
40 80
40 82
40 88
40 91
40 95
40 97
40 98
40 101
40 102
40 103
40 104
40 105
40 106
40 107
40 109
40 113
40 120
40 121
40 123
40 125
40 126
40 127
40 128
40 132
40 135
40 137
40 138
40 139
40 145
40 146
40 148
40 150
40 153
40 157
40 159
40 164
40 166
40 167
40 169
40 170
40 172
40 173
40 174
40 175
40 176
40 179
40 180
40 183
40 185
40 186
40 1597
41 45
41 46
41 49
41 51
41 52
41 54
41 55
41 57
41 58
41 64
41 65
41 67
41 69
41 70
41 71
41 74
41 76
41 78
41 79
41 80
41 82
41 84
41 86
41 88
41 90
41 91
41 93
41 97
41 98
41 99
41 101
41 103
41 104
41 107
41 111
41 113
41 114
41 115
41 116
41 117
41 119
41 120
41 122
41 123
41 124
41 125
41 127
41 129
41 130
41 131
41 134
41 135
41 136
41 139
41 141
41 142
41 143
41 144
41 149
41 153
41 155
41 156
41 157
41 161
41 163
41 166
41 168
41 170
41 172
41 175
41 176
42 45
42 49
42 50
42 51
42 53
42 54
42 55
42 58
42 63
42 64
42 65
42 67
42 68
42 72
42 73
42 76
42 78
42 80
42 82
42 84
42 86
42 87
42 88
42 91
42 93
42 96
42 98
42 101
42 102
42 108
42 110
42 112
42 114
42 115
42 117
42 122
42 123
42 125
42 126
42 127
42 128
42 130
42 132
42 133
42 134
42 136
42 139
42 141
42 142
42 144
42 145
42 146
42 151
42 152
42 154
42 155
42 156
42 158
42 159
42 164
42 165
42 166
42 167
42 169
42 172
42 173
42 174
42 176
42 180
42 188
42 189
43 44
43 46
43 48
43 49
43 52
43 53
43 58
43 59
43 63
43 66
43 70
43 71
43 72
43 75
43 76
43 81
43 82
43 87
43 88
43 90
43 94
43 97
43 101
43 103
43 104
43 106
43 107
43 111
43 113
43 116
43 121
43 123
43 128
43 130
43 131
43 134
43 136
43 137
43 138
43 139
43 142
43 146
43 149
43 151
43 153
43 154
43 155
43 157
43 158
43 159
43 161
43 162
43 165
43 166
43 167
43 168
43 171
43 174
43 178
43 179
43 180
43 183
43 185
43 189
43 190
43 191
43 193
43 197
43 203
43 204
43 208
44 45
44 49
44 51
44 52
44 55
44 58
44 60
44 61
44 63
44 65
44 66
44 67
44 68
44 69
44 71
44 72
44 75
44 76
44 78
44 79
44 80
44 85
44 86
44 87
44 89
44 90
44 91
44 97
44 98
44 99
44 100
44 103
44 106
44 109
44 111
44 112
44 113
44 114
44 116
44 117
44 118
44 121
44 124
44 125
44 126
44 129
44 134
44 135
44 139
44 140
44 141
44 142
44 143
44 144
44 146
44 148
44 149
44 150
44 155
44 156
44 158
44 159
44 160
44 162
44 166
44 168
44 169
44 172
44 173
44 174
44 176
44 1158
45 47
45 48
45 50
45 51
45 54
45 56
45 57
45 63
45 66
45 69
45 70
45 73
45 74
45 76
45 78
45 80
45 81
45 87
45 92
45 93
45 97
45 99
45 100
45 104
45 107
45 109
45 110
45 114
45 115
45 118
45 119
45 122
45 124
45 125
45 126
45 130
45 131
45 133
45 137
45 139
45 140
45 150
45 151
45 155
45 156
45 162
45 165
45 166
45 167
45 168
45 169
45 170
45 172
45 175
45 176
45 177
45 178
45 179
45 180
45 183
45 185
45 186
45 187
45 191
45 193
45 194
45 201
45 204
45 205
45 206
45 207
46 49
46 52
46 53
46 54
46 57
46 59
46 61
46 62
46 63
46 64
46 65
46 68
46 69
46 70
46 74
46 76
46 79
46 80
46 84
46 85
46 87
46 88
46 89
46 90
46 96
46 97
46 99
46 103
46 105
46 107
46 109
46 110
46 111
46 112
46 113
46 114
46 115
46 116
46 118
46 119
46 124
46 125
46 126
46 127
46 130
46 133
46 135
46 142
46 144
46 145
46 146
46 150
46 153
46 154
46 156
46 158
46 160
46 162
46 163
46 164
46 165
46 170
46 172
46 173
46 185
46 189
46 190
46 191
46 195
46 200
46 202
46 633
47 49
47 53
47 54
47 61
47 63
47 67
47 68
47 70
47 71
47 72
47 73
47 74
47 75
47 77
47 78
47 79
47 85
47 86
47 87
47 89
47 92
47 94
47 96
47 97
47 99
47 102
47 106
47 108
47 109
47 111
47 114
47 115
47 117
47 118
47 121
47 123
47 125
47 126
47 127
47 128
47 129
47 130
47 133
47 134
47 137
47 138
47 139
47 141
47 142
47 143
47 144
47 145
47 146
47 147
47 149
47 151
47 156
47 162
47 163
47 165
47 166
47 168
47 172
47 173
47 174
47 176
47 177
47 179
47 180
47 181
47 182
48 50
48 53
48 54
48 57
48 59
48 63
48 64
48 67
48 72
48 73
48 78
48 80
48 82
48 83
48 84
48 86
48 92
48 93
48 95
48 96
48 98
48 102
48 108
48 113
48 115
48 116
48 118
48 119
48 121
48 122
48 128
48 131
48 134
48 135
48 136
48 137
48 138
48 139
48 141
48 142
48 143
48 144
48 145
48 146
48 149
48 150
48 151
48 152
48 153
48 155
48 157
48 158
48 159
48 161
48 162
48 166
48 169
48 170
48 172
48 176
48 178
48 182
48 183
48 186
48 187
48 190
48 191
48 195
48 197
48 203
48 206
48 821
49 50
49 51
49 54
49 55
49 57
49 58
49 61
49 62
49 63
49 66
49 68
49 69
49 71
49 74
49 75
49 76
49 78
49 79
49 80
49 81
49 82
49 83
49 84
49 85
49 88
49 93
49 94
49 97
49 98
49 99
49 103
49 105
49 106
49 107
49 108
49 109
49 110
49 114
49 117
49 118
49 119
49 121
49 124
49 127
49 132
49 133
49 134
49 135
49 136
49 137
49 138
49 140
49 141
49 142
49 148
49 149
49 150
49 152
49 155
49 156
49 158
49 159
49 164
49 168
49 169
49 170
49 175
49 176
49 178
49 179
49 183
49 1215
50 51
50 53
50 56
50 60
50 62
50 63
50 64
50 65
50 66
50 68
50 69
50 71
50 73
50 74
50 75
50 77
50 78
50 81
50 83
50 86
50 88
50 89
50 92
50 93
50 95
50 97
50 98
50 100
50 107
50 110
50 111
50 112
50 114
50 115
50 116
50 118
50 122
50 127
50 128
50 131
50 135
50 136
50 137
50 138
50 142
50 143
50 145
50 146
50 147
50 148
50 151
50 152
50 153
50 155
50 157
50 162
50 168
50 172
50 173
50 175
50 176
50 181
50 183
50 184
50 186
50 189
50 190
50 191
50 192
50 193
50 195
51 52
51 54
51 56
51 57
51 60
51 61
51 67
51 73
51 74
51 75
51 77
51 78
51 82
51 83
51 86
51 88
51 91
51 93
51 94
51 96
51 97
51 102
51 103
51 104
51 106
51 108
51 110
51 111
51 115
51 116
51 117
51 118
51 119
51 121
51 123
51 124
51 127
51 128
51 130
51 133
51 134
51 135
51 137
51 139
51 140
51 141
51 145
51 147
51 149
51 152
51 153
51 157
51 158
51 160
51 162
51 163
51 169
51 170
51 173
51 174
51 177
51 178
51 179
51 182
51 184
51 185
51 186
51 187
51 188
51 190
51 193
51 1599
52 53
52 55
52 56
52 57
52 60
52 62
52 63
52 65
52 67
52 68
52 69
52 71
52 72
52 73
52 76
52 77
52 78
52 79
52 82
52 85
52 87
52 88
52 90
52 91
52 92
52 94
52 99
52 102
52 103
52 104
52 105
52 106
52 107
52 112
52 113
52 114
52 116
52 117
52 118
52 121
52 125
52 127
52 128
52 129
52 131
52 134
52 136
52 137
52 139
52 145
52 146
52 147
52 151
52 152
52 153
52 155
52 157
52 158
52 160
52 162
52 167
52 173
52 176
52 178
52 179
52 180
52 182
52 186
52 189
52 190
52 192
53 54
53 56
53 57
53 62
53 63
53 64
53 66
53 67
53 69
53 70
53 71
53 72
53 76
53 77
53 78
53 79
53 82
53 84
53 87
53 88
53 89
53 92
53 96
53 97
53 98
53 101
53 102
53 106
53 108
53 109
53 111
53 113
53 115
53 116
53 117
53 118
53 121
53 123
53 124
53 127
53 128
53 129
53 130
53 131
53 132
53 134
53 135
53 137
53 138
53 143
53 144
53 145
53 146
53 148
53 149
53 150
53 151
53 153
53 155
53 157
53 158
53 160
53 162
53 164
53 165
53 171
53 175
53 179
53 180
53 181
53 183
53 256
53 567
53 730
54 61
54 63
54 65
54 68
54 69
54 70
54 71
54 73
54 74
54 75
54 79
54 81
54 83
54 84
54 85
54 86
54 87
54 93
54 94
54 96
54 97
54 99
54 100
54 103
54 104
54 108
54 109
54 110
54 111
54 112
54 113
54 114
54 117
54 118
54 121
54 122
54 124
54 128
54 130
54 135
54 137
54 138
54 143
54 144
54 148
54 150
54 153
54 154
54 159
54 162
54 163
54 164
54 165
54 170
54 174
54 175
54 179
54 180
54 181
54 183
54 186
54 187
54 189
54 190
54 191
54 193
54 196
54 197
54 200
54 201
54 202
54 718
55 57
55 59
55 60
55 62
55 66
55 70
55 72
55 74
55 75
55 76
55 77
55 78
55 79
55 81
55 85
55 87
55 88
55 90
55 91
55 93
55 94
55 95
55 96
55 98
55 99
55 100
55 105
55 106
55 109
55 111
55 112
55 114
55 115
55 116
55 119
55 121
55 123
55 127
55 132
55 135
55 136
55 139
55 140
55 141
55 142
55 144
55 145
55 146
55 150
55 152
55 153
55 154
55 155
55 156
55 157
55 158
55 162
55 164
55 166
55 169
55 171
55 173
55 176
55 178
55 179
55 180
55 182
55 186
55 188
55 189
55 191
55 456
56 57
56 59
56 60
56 61
56 63
56 65
56 67
56 73
56 77
56 78
56 81
56 82
56 83
56 87
56 89
56 92
56 93
56 97
56 98
56 99
56 104
56 105
56 107
56 108
56 109
56 110
56 112
56 115
56 116
56 118
56 121
56 123
56 124
56 125
56 126
56 127
56 131
56 132
56 135
56 136
56 137
56 138
56 139
56 140
56 141
56 144
56 149
56 151
56 154
56 155
56 157
56 158
56 160
56 165
56 167
56 168
56 170
56 172
56 176
56 178
56 181
56 183
56 185
56 186
56 187
56 189
56 190
56 192
56 193
56 198
56 199
56 201
57 58
57 59
57 60
57 64
57 67
57 68
57 69
57 72
57 73
57 76
57 77
57 78
57 79
57 81
57 82
57 83
57 84
57 87
57 90
57 91
57 92
57 99
57 100
57 101
57 104
57 105
57 106
57 109
57 111
57 112
57 113
57 114
57 116
57 117
57 118
57 120
57 121
57 123
57 128
57 133
57 135
57 136
57 138
57 140
57 141
57 143
57 144
57 146
57 147
57 148
57 149
57 151
57 154
57 158
57 162
57 163
57 164
57 167
57 168
57 169
57 170
57 171
57 173
57 175
57 178
57 179
57 182
57 185
57 186
57 188
57 190
58 59
58 60
58 61
58 64
58 65
58 68
58 70
58 73
58 74
58 75
58 77
58 79
58 84
58 85
58 86
58 88
58 89
58 90
58 91
58 92
58 93
58 99
58 100
58 101
58 104
58 105
58 106
58 107
58 108
58 109
58 111
58 112
58 114
58 119
58 122
58 124
58 134
58 135
58 136
58 137
58 139
58 140
58 144
58 145
58 148
58 150
58 154
58 155
58 156
58 157
58 158
58 159
58 163
58 165
58 166
58 171
58 173
58 175
58 176
58 177
58 178
58 184
58 185
58 186
58 187
58 189
58 190
58 192
58 193
58 196
58 197
58 1212
58 1612
59 60
59 63
59 64
59 65
59 66
59 67
59 69
59 71
59 74
59 77
59 78
59 79
59 80
59 83
59 85
59 87
59 88
59 89
59 90
59 94
59 96
59 98
59 99
59 100
59 101
59 103
59 106
59 108
59 111
59 112
59 113
59 114
59 115
59 116
59 117
59 119
59 121
59 122
59 125
59 130
59 131
59 134
59 136
59 137
59 138
59 139
59 143
59 144
59 146
59 149
59 152
59 156
59 157
59 158
59 159
59 161
59 162
59 163
59 165
59 167
59 169
59 171
59 172
59 174
59 175
59 176
59 177
59 178
59 179
59 180
59 184
59 677
60 62
60 64
60 65
60 68
60 69
60 70
60 71
60 75
60 76
60 78
60 80
60 81
60 83
60 85
60 86
60 89
60 90
60 93
60 95
60 107
60 108
60 111
60 114
60 115
60 118
60 122
60 123
60 124
60 125
60 126
60 127
60 128
60 129
60 130
60 133
60 135
60 138
60 139
60 144
60 145
60 147
60 149
60 150
60 152
60 155
60 157
60 158
60 160
60 161
60 162
60 163
60 164
60 167
60 168
60 174
60 175
60 177
60 179
60 181
60 183
60 184
60 185
60 187
60 189
60 190
60 191
60 192
60 193
60 195
60 197
60 198
60 431
61 64
61 65
61 68
61 72
61 74
61 75
61 77
61 78
61 79
61 80
61 83
61 84
61 86
61 87
61 91
61 93
61 96
61 97
61 104
61 106
61 107
61 113
61 115
61 116
61 118
61 119
61 121
61 122
61 125
61 126
61 127
61 130
61 131
61 133
61 135
61 136
61 138
61 139
61 142
61 143
61 145
61 148
61 149
61 152
61 153
61 154
61 156
61 157
61 158
61 160
61 162
61 163
61 166
61 170
61 175
61 177
61 178
61 182
61 184
61 186
61 187
61 190
61 191
61 192
61 193
61 194
61 197
61 198
61 201
61 202
61 206
62 63
62 65
62 67
62 70
62 72
62 79
62 84
62 90
62 93
62 96
62 97
62 98
62 99
62 100
62 101
62 103
62 104
62 105
62 107
62 108
62 114
62 116
62 117
62 120
62 121
62 122
62 123
62 126
62 127
62 130
62 132
62 133
62 135
62 137
62 140
62 141
62 142
62 143
62 144
62 145
62 151
62 155
62 157
62 159
62 160
62 162
62 165
62 168
62 169
62 170
62 171
62 172
62 173
62 174
62 175
62 179
62 180
62 181
62 182
62 183
62 184
62 188
62 190
62 192
62 194
62 198
62 199
62 200
62 201
62 202
62 204
63 64
63 66
63 68
63 70
63 72
63 74
63 75
63 77
63 78
63 79
63 80
63 81
63 82
63 83
63 84
63 87
63 89
63 90
63 91
63 92
63 94
63 95
63 96
63 97
63 99
63 104
63 105
63 110
63 112
63 113
63 116
63 117
63 118
63 121
63 122
63 125
63 127
63 128
63 130
63 131
63 133
63 138
63 147
63 150
63 151
63 152
63 156
63 159
63 161
63 162
63 163
63 164
63 169
63 171
63 175
63 177
63 178
63 179
63 182
63 184
63 185
63 186
63 189
63 190
63 191
63 192
63 193
63 194
63 195
63 197
63 200
64 68
64 70
64 72
64 73
64 75
64 78
64 82
64 83
64 84
64 88
64 91
64 92
64 93
64 94
64 95
64 96
64 99
64 101
64 103
64 105
64 107
64 111
64 112
64 113
64 116
64 117
64 118
64 122
64 125
64 127
64 128
64 130
64 132
64 134
64 136
64 141
64 142
64 144
64 150
64 151
64 154
64 157
64 158
64 161
64 165
64 166
64 167
64 168
64 169
64 170
64 171
64 175
64 179
64 181
64 184
64 185
64 192
64 193
64 197
64 203
64 205
64 208
64 209
64 214
64 216
64 218
64 221
64 222
64 223
64 224
64 229
65 66
65 67
65 68
65 69
65 71
65 73
65 75
65 76
65 77
65 78
65 80
65 81
65 82
65 83
65 85
65 87
65 89
65 91
65 94
65 96
65 97
65 99
65 100
65 101
65 103
65 104
65 105
65 107
65 109
65 110
65 112
65 116
65 117
65 120
65 122
65 130
65 134
65 136
65 141
65 142
65 143
65 145
65 146
65 147
65 150
65 151
65 152
65 155
65 156
65 157
65 159
65 161
65 164
65 165
65 167
65 170
65 171
65 173
65 174
65 175
65 176
65 177
65 178
65 181
65 183
65 184
65 185
65 186
65 192
65 194
65 199
65 335
65 1324
66 67
66 68
66 71
66 72
66 74
66 78
66 83
66 86
66 88
66 89
66 90
66 94
66 96
66 98
66 100
66 101
66 102
66 103
66 105
66 110
66 112
66 115
66 116
66 118
66 123
66 125
66 126
66 127
66 129
66 130
66 131
66 132
66 133
66 134
66 135
66 136
66 137
66 138
66 139
66 141
66 144
66 145
66 146
66 150
66 152
66 153
66 156
66 158
66 159
66 160
66 161
66 164
66 165
66 167
66 169
66 170
66 171
66 172
66 173
66 175
66 178
66 179
66 182
66 184
66 185
66 186
66 187
66 188
66 189
66 190
66 192
66 713
67 43
67 68
67 69
67 70
67 71
67 72
67 74
67 75
67 78
67 79
67 80
67 81
67 85
67 88
67 90
67 93
67 94
67 95
67 97
67 98
67 99
67 100
67 101
67 103
67 105
67 106
67 108
67 109
67 111
67 113
67 114
67 115
67 117
67 118
67 119
67 124
67 125
67 126
67 128
67 130
67 131
67 133
67 135
67 136
67 137
67 138
67 139
67 140
67 141
67 145
67 146
67 148
67 150
67 152
67 157
67 158
67 162
67 163
67 165
67 166
67 167
67 170
67 172
67 173
67 174
67 175
67 177
67 178
67 179
67 181
67 183
67 184
67 186
67 495
67 650
67 1179
67 1197
67 1396
67 1505
67 1598
68 72
68 77
68 80
68 81
68 84
68 89
68 90
68 91
68 92
68 95
68 99
68 100
68 105
68 106
68 107
68 109
68 110
68 111
68 113
68 114
68 116
68 118
68 120
68 122
68 123
68 126
68 132
68 134
68 136
68 137
68 139
68 143
68 144
68 146
68 148
68 152
68 154
68 155
68 157
68 158
68 159
68 160
68 162
68 163
68 165
68 167
68 169
68 175
68 176
68 186
68 187
68 188
68 190
68 192
68 193
68 194
68 197
68 199
68 200
68 202
68 203
68 204
68 207
68 211
68 214
68 217
68 218
68 219
68 220
68 221
68 222
68 292
69 70
69 75
69 78
69 79
69 85
69 87
69 88
69 89
69 92
69 97
69 103
69 104
69 108
69 109
69 110
69 114
69 115
69 120
69 121
69 122
69 123
69 124
69 125
69 132
69 133
69 136
69 137
69 142
69 144
69 145
69 147
69 148
69 150
69 151
69 152
69 154
69 155
69 157
69 158
69 159
69 160
69 162
69 166
69 167
69 168
69 169
69 170
69 171
69 174
69 176
69 177
69 178
69 180
69 182
69 183
69 188
69 190
69 200
69 204
69 206
69 207
69 208
69 211
69 213
69 216
69 217
69 218
69 219
69 222
69 223
69 226
69 481
70 71
70 72
70 73
70 74
70 75
70 78
70 80
70 83
70 87
70 89
70 90
70 91
70 93
70 95
70 96
70 100
70 102
70 108
70 109
70 110
70 111
70 112
70 116
70 117
70 118
70 119
70 120
70 121
70 123
70 125
70 129
70 130
70 131
70 132
70 133
70 135
70 136
70 139
70 145
70 147
70 148
70 149
70 150
70 153
70 155
70 157
70 159
70 162
70 163
70 164
70 165
70 167
70 170
70 173
70 174
70 175
70 177
70 178
70 191
70 192
70 195
70 196
70 197
70 198
70 199
70 201
70 203
70 205
70 206
70 208
70 209
70 979
71 77
71 78
71 81
71 82
71 86
71 88
71 89
71 90
71 91
71 93
71 94
71 96
71 100
71 101
71 102
71 105
71 109
71 110
71 112
71 118
71 119
71 120
71 121
71 122
71 123
71 124
71 125
71 126
71 128
71 129
71 130
71 131
71 132
71 136
71 137
71 138
71 141
71 144
71 145
71 146
71 150
71 151
71 153
71 154
71 155
71 156
71 159
71 160
71 161
71 165
71 169
71 171
71 173
71 176
71 178
71 180
71 181
71 184
71 186
71 189
71 190
71 192
71 194
71 195
71 197
71 198
71 201
71 202
71 203
71 207
71 208
71 1494
72 73
72 74
72 76
72 77
72 79
72 81
72 82
72 87
72 90
72 92
72 93
72 95
72 98
72 99
72 104
72 107
72 109
72 110
72 114
72 117
72 118
72 119
72 120
72 122
72 123
72 124
72 125
72 126
72 128
72 129
72 130
72 131
72 137
72 140
72 142
72 144
72 145
72 146
72 147
72 149
72 150
72 152
72 154
72 157
72 158
72 160
72 162
72 163
72 164
72 165
72 166
72 169
72 170
72 171
72 175
72 176
72 177
72 178
72 179
72 181
72 183
72 184
72 187
72 188
72 192
72 193
72 195
72 196
72 197
72 198
72 199
72 583
73 74
73 76
73 79
73 80
73 82
73 83
73 84
73 90
73 92
73 95
73 100
73 103
73 104
73 108
73 113
73 114
73 115
73 120
73 124
73 125
73 126
73 127
73 130
73 132
73 134
73 135
73 136
73 137
73 140
73 145
73 147
73 151
73 153
73 161
73 162
73 166
73 168
73 170
73 172
73 175
73 176
73 177
73 179
73 180
73 181
73 186
73 187
73 188
73 189
73 190
73 193
73 196
73 197
73 200
73 202
73 206
73 208
73 214
73 218
73 219
73 220
73 221
73 222
73 226
73 228
73 229
73 230
73 231
73 232
73 233
73 235
73 782
73 1040
73 1149
73 1350
73 1388
74 75
74 77
74 79
74 80
74 81
74 82
74 85
74 92
74 94
74 96
74 97
74 100
74 102
74 105
74 107
74 108
74 109
74 110
74 111
74 112
74 113
74 115
74 116
74 120
74 121
74 122
74 123
74 124
74 126
74 127
74 129
74 130
74 132
74 133
74 134
74 135
74 136
74 137
74 139
74 140
74 141
74 142
74 143
74 144
74 145
74 146
74 148
74 155
74 157
74 158
74 164
74 165
74 168
74 171
74 172
74 173
74 174
74 175
74 178
74 181
74 182
74 183
74 186
74 189
74 190
74 191
74 192
74 194
74 196
74 198
74 199
74 393
74 632
74 1152
74 1282
75 79
75 80
75 81
75 84
75 85
75 86
75 88
75 90
75 94
75 95
75 96
75 100
75 102
75 104
75 105
75 106
75 108
75 116
75 117
75 118
75 119
75 120
75 121
75 122
75 124
75 125
75 126
75 127
75 130
75 131
75 132
75 133
75 137
75 139
75 140
75 143
75 145
75 146
75 147
75 148
75 150
75 151
75 155
75 156
75 158
75 160
75 164
75 170
75 171
75 172
75 173
75 175
75 176
75 180
75 181
75 182
75 184
75 185
75 187
75 188
75 189
75 190
75 191
75 192
75 193
75 194
75 196
75 204
75 206
75 207
75 208
75 807
76 77
76 79
76 83
76 85
76 88
76 89
76 91
76 94
76 95
76 100
76 103
76 104
76 105
76 106
76 107
76 110
76 113
76 114
76 115
76 116
76 119
76 121
76 122
76 123
76 125
76 126
76 127
76 128
76 129
76 130
76 132
76 136
76 137
76 138
76 141
76 147
76 149
76 150
76 155
76 156
76 157
76 158
76 159
76 160
76 161
76 162
76 163
76 164
76 167
76 168
76 169
76 170
76 171
76 172
76 173
76 175
76 177
76 178
76 180
76 181
76 182
76 183
76 185
76 186
76 188
76 191
76 192
76 193
76 195
76 198
76 199
76 450
76 733
78 824
79 403
79 404
79 430
80 460
80 574
82 278
84 304
84 1021
85 795
85 1026
85 1211
85 1291
87 1057
87 1199
87 1227
87 1258
87 1408
88 69
89 802
89 1023
91 175
95 1140
97 452
97 635
98 865
100 1546
102 37
102 48
102 353
103 1315
104 5
104 987
105 771
106 1092
108 638
113 194
113 1198
113 1495
114 454
114 1393
114 1579
118 1070
118 1077
118 1479
119 557
119 591
119 1163
120 64
120 386
120 1308
122 711
122 787
125 530
125 986
125 1113
125 1631
126 624
126 1164
126 1613
128 417
128 748
130 463
131 673
133 1593
135 1207
135 1533
136 1232
139 797
140 449
140 719
140 1540
141 563
145 684
145 1480
146 143
147 296
147 892
147 908
147 1301
149 1314
150 1400
153 787
155 896
155 1062
157 487
159 1193
161 873
161 1525
162 59
162 1375
162 1477
164 679
165 694
165 725
166 245
167 246
167 328
167 347
167 376
167 516
167 1067
167 1264
167 1309
167 1511
167 1629
168 798
169 511
170 519
171 4
171 482
171 794
172 1374
173 49
174 1071
174 1435
176 996
177 286
178 727
178 1578
179 1046
180 210
180 551
181 267
181 521
183 227
183 1433
184 206
184 753
185 71
187 1219
188 2
188 1168
188 1175
188 1313
189 1331
190 1142
192 1419
194 161
194 1355
194 1590
195 1591
196 288
196 819
197 1405
198 330
199 906
202 102
202 137
202 260
203 715
204 1106
205 65
205 783
205 972
206 1552
207 299
208 1043
209 597
209 1025
209 1241
212 188
212 429
212 700
214 1307
216 517
216 687
217 224
217 531
217 572
217 785
218 1153
219 609
219 696
220 1239
221 281
221 339
221 1208
222 73
222 1556
222 1562
224 856
228 279
229 734
229 858
229 891
229 1234
229 1267
230 314
233 1174
234 54
235 1455
236 13
236 255
237 1452
238 1316
241 365
242 1084
242 1488
246 343
246 503
246 1500
247 294
247 1240
248 1076
249 701
249 710
249 1611
251 384
251 398
251 709
251 872
251 1307
252 461
253 602
253 1451
254 1395
254 1436
255 1163
257 426
257 726
258 486
258 1491
259 1481
261 79
261 762
261 1492
262 767
263 252
263 712
263 1094
263 1231
263 1529
263 1594
264 569
264 933
264 1053
265 894
266 1457
267 1041
269 155
269 1448
271 903
272 1462
274 764
275 879
275 1020
276 881
277 615
277 688
277 749
277 955
277 974
277 1512
280 570
282 1311
286 300
287 959
287 1409
289 16
289 724
289 1546
290 658
291 669
293 508
293 1160
293 1603
295 1573
297 469
297 742
300 1602
303 747
306 1543
307 1378
308 299
309 1601
310 1138
310 1274
312 136
312 218
312 1251
313 1431
314 170
315 1360
317 135
317 662
317 976
319 1524
320 182
322 75
323 397
323 456
323 1148
323 1298
323 1359
323 1363
325 1045
326 58
326 651
326 793
327 425
328 493
329 1485
330 1095
330 1340
331 186
332 577
333 755
333 988
333 1068
334 453
334 697
334 1328
335 407
336 884
337 1102
338 841
338 1176
341 723
341 1116
342 1044
343 1515
343 1586
344 153
344 608
344 1162
344 1443
344 1449
344 1635
346 1200
347 1256
347 1456
348 714
352 451
352 1257
353 1266
355 1285
358 695
359 670
359 917
359 1564
359 1595
362 815
366 470
366 1471
367 874
368 284
368 684
368 1142
369 124
369 1269
371 1244
372 423
372 1430
375 1181
376 1527
377 637
377 864
377 1463
378 1289
379 1151
381 493
381 712
382 1004
383 1336
384 439
386 627
388 1101
389 1619
391 541
393 403
394 1016
397 30
397 396
397 1444
398 520
399 444
401 1470
402 226
403 414
404 485
407 792
408 1201
409 513
410 192
410 374
410 953
410 1262
410 1442
410 1469
411 1038
412 20
415 774
415 819
415 1130
415 1185
415 1398
415 1467
416 714
417 34
418 740
419 356
422 367
423 1173
424 1246
426 1607
427 306
428 893
429 485
430 970
432 7
432 51
432 656
432 1135
433 1347
435 1354
436 571
437 63
440 83
441 142
441 366
441 528
442 166
442 382
442 857
442 1401
442 1464
442 1585
443 1143
445 1471
446 1451
447 380
449 1336
450 292
451 92
451 1395
452 1354
452 1453
457 1310
458 770
459 765
459 1545
460 454
461 1206
462 1348
463 11
465 888
466 132
467 1345
468 1213
470 280
471 943
473 15
473 126
473 167
473 222
473 534
473 660
473 739
473 1221
473 1526
475 313
476 71
477 1426
480 467
483 524
483 743
484 575
484 873
484 1384
487 631
488 199
489 1542
490 139
491 145
491 529
492 805
494 1050
495 138
496 302
496 1321
500 1599
501 535
501 732
504 881
507 1239
507 1581
508 151
508 1497
508 1521
509 52
509 1090
509 1509
510 1387
511 1500
512 1399
512 1578
515 0
515 1
515 320
515 481
515 630
515 760
515 1097
516 390
516 706
517 207
518 5
518 810
522 324
522 540
523 250
524 746
525 123
525 301
525 830
526 133
526 707
526 1489
527 175
528 596
529 982
530 923
531 548
531 708
531 1250
531 1557
533 131
533 1133
534 53
534 808
534 1306
536 266
536 581
537 23
537 197
537 287
537 981
538 424
538 1089
539 405
541 1009
542 358
544 115
544 1228
544 1424
544 1549
547 115
548 419
548 1172
549 139
550 1000
550 1517
551 191
552 373
553 797
553 1055
553 1575
555 1078
558 220
559 1203
561 748
562 241
562 462
562 559
563 793
564 769
565 983
567 111
568 1112
569 294
570 1508
572 568
572 1155
573 60
573 95
574 232
576 619
578 22
578 119
578 204
578 562
578 769
579 593
580 288
580 667
580 1003
580 1478
582 274
582 579
583 422
583 786
585 123
586 1224
587 869
588 498
588 1075
589 305
589 1334
590 18
590 169
590 809
590 1289
590 1466
591 961
591 1321
592 536
592 1209
594 25
594 616
595 1377
596 349
597 888
598 944
600 245
600 553
600 647
600 1024
600 1428
600 1440
602 735
604 1001
604 1296
606 1049
607 323
607 643
608 506
608 674
609 237
610 468
610 1248
611 1507
612 657
613 1038
615 233
615 392
615 421
615 582
615 654
615 1572
617 606
617 1249
618 364
618 803
618 1007
618 1159
618 1212
618 1229
622 816
622 920
623 318
625 525
625 620
626 96
628 149
629 1283
629 1550
630 46
630 315
630 337
630 772
630 861
630 887
630 1099
630 1111
632 563
632 1319
634 494
634 967
635 806
636 1222
637 663
638 318
639 110
641 128
641 805
641 1093
641 1368
642 732
642 950
642 1238
642 1429
643 47
643 57
643 173
643 178
643 590
643 971
643 1364
644 1348
646 500
648 771
649 968
650 784
651 496
652 775
652 1299
653 1171
653 1223
653 1583
654 865
655 305
656 584
656 1050
658 952
658 1337
659 757
659 1523
661 1232
665 240
667 121
667 1284
668 973
670 940
675 1385
676 414
677 268
678 1482
679 239
680 1186
681 45
682 329
682 1568
685 1178
686 1063
688 116
688 411
688 837
690 623
691 298
691 659
694 1028
697 639
698 180
699 284
700 1115
701 443
701 990
702 818
702 997
704 1610
706 576
706 1561
707 157
708 55
709 310
710 556
710 895
716 1090
721 64
721 1391
721 1497
723 107
724 174
724 212
724 1588
726 1136
726 1539
728 570
728 773
729 1265
730 833
734 721
736 912
737 140
737 184
737 490
738 251
738 308
738 357
738 1352
740 1432
741 96
741 691
741 1214
741 1454
743 1617
746 76
749 860
749 1288
750 344
750 629
750 1008
750 1166
751 1426
752 1382
754 1218
754 1508
756 8
756 801
756 850
757 408
757 1279
758 209
759 349
760 756
760 1636
762 351
762 594
767 839
768 388
768 1386
772 845
774 418
774 1332
775 1179
777 1021
778 297
778 625
778 906
778 1524
779 1356
783 1065
784 355
785 866
790 39
790 325
790 480
790 1358
791 465
791 617
794 945
795 1080
795 1087
796 270
796 1530
798 958
799 729
799 1014
799 1082
799 1178
799 1254
799 1589
799 1632
801 1277
804 761
805 137
807 943
808 665
811 766
818 1109
821 82
821 522
822 720
822 1414
823 547
826 474
831 88
832 101
832 154
832 229
832 646
832 823
832 977
832 1079
834 679
835 1056
841 631
842 377
842 399
842 763
843 336
843 479
843 781
843 1493
845 144
846 378
848 924
851 185
851 1633
853 846
853 962
854 114
854 265
854 1018
854 1416
857 942
858 1220
859 1342
860 285
860 915
860 984
860 1318
860 1344
860 1413
861 791
861 880
861 1154
861 1447
861 1627
862 1098
863 875
863 1327
866 421
867 1379
867 1506
868 991
870 370
870 1446
870 1567
872 804
872 1210
872 1566
875 1290
875 1542
876 811
876 1501
876 1622
877 98
878 539
878 900
878 1275
879 1323
880 1242
881 420
883 86
886 939
887 1225
888 36
890 244
890 603
891 550
892 1191
892 1520
892 1609
893 93
896 671
898 478
898 527
900 118
900 564
900 676
900 826
900 1560
902 1157
904 833
904 1196
905 956
907 909
908 685
908 836
909 704
912 458
913 1035
915 153
917 412
917 666
917 1535
918 558
919 623
921 230
923 363
924 1490
926 110
926 1027
926 1369
929 444
931 1491
933 371
933 918
935 216
935 401
935 420
935 778
936 1218
937 433
937 513
937 851
938 1081
939 1074
939 1189
945 238
946 434
946 752
946 1531
946 1614
948 1402
948 1425
950 1453
950 1459
953 840
953 1502
955 1476
957 862
957 1029
957 1119
958 24
958 200
958 897
958 1117
958 1280
959 258
959 644
959 1371
959 1407
960 966
960 1580
962 9
964 368
964 848
964 890
964 1570
965 898
965 1052
965 1108
965 1460
965 1468
966 431
967 373
968 106
968 1183
971 457
971 488
972 112
974 223
977 901
978 926
978 1034
978 1138
978 1187
979 162
979 316
979 1169
980 1473
983 1259
984 409
985 10
985 309
985 473
985 533
985 1190
985 1376
985 1604
988 1236
990 828
990 1122
990 1156
991 1136
992 1381
993 235
993 1305
994 134
996 1400
997 605
998 202
998 1504
999 28
999 291
1002 1236
1003 83
1006 612
1007 72
1007 789
1007 1593
1008 242
1008 261
1008 391
1008 607
1008 653
1008 737
1008 883
1008 985
1008 1147
1008 1317
1011 275
1014 381
1014 489
1014 661
1014 992
1014 1233
1015 220
1017 295
1017 535
1019 1017
1022 264
1022 282
1022 538
1022 822
1022 960
1022 978
1022 1019
1022 1565
1023 435
1024 21
1024 271
1024 554
1024 1125
1025 1576
1027 1537
1028 885
1030 163
1030 817
1031 930
1032 105
1033 910
1034 253
1036 348
1037 186
1037 672
1037 827
1039 68
1039 87
1039 510
1039 750
1039 1538
1040 886
1044 158
1045 975
1046 1478
1048 3
1048 61
1048 425
1049 1266
1051 395
1052 698
1052 1349
1053 509
1054 117
1055 383
1055 445
1057 849
1057 1346
1060 427
1061 931
1064 652
1065 546
1066 1618
1067 249
1068 838
1068 903
1069 146
1069 800
1069 1006
1069 1165
1070 223
1072 234
1072 969
1073 1392
1075 662
1075 804
1077 1005
1080 847
1081 514
1082 913
1082 1621
1083 181
1083 219
1084 231
1084 1438
1084 1616
1085 1146
1086 56
1086 1326
1087 586
1088 183
1088 279
1088 965
1088 1412
1093 956
1096 385
1097 491
1097 1410
1099 441
1099 1048
1099 1132
1099 1302
1100 428
1104 1121
1105 585
1105 675
1105 932
1107 1392
1108 577
1108 1105
1109 1303
1110 281
1111 1194
1112 1548
1113 1195
1113 1351
1114 1022
1115 327
1115 1002
1117 1036
1118 327
1119 780
1122 12
1123 168
1123 342
1123 1170
1123 1253
1124 47
1124 1210
1125 622
1125 995
1125 1104
1125 1255
1126 81
1126 542
1126 927
1127 1059
1128 820
1128 1033
1129 1216
1130 283
1130 1268
1130 1475
1131 927
1132 410
1133 17
1133 307
1133 526
1134 560
1135 504
1137 326
1139 640
1141 1403
1144 446
1144 1260
1144 1365
1145 455
1146 753
1147 177
1147 1100
1148 788
1148 928
1148 1224
1148 1325
1149 1295
1151 1624
1152 1415
1154 80
1154 201
1154 1582
1155 213
1155 1574
1157 90
1158 346
1159 1620
1162 599
1164 690
1164 957
1164 1137
1164 1547
1165 1144
1166 518
1166 578
1166 741
1166 854
1166 1536
1167 788
1168 1362
1169 32
1170 761
1170 884
1171 70
1171 289
1171 483
1171 1192
1173 14
1173 1439
1173 1553
1174 302
1176 1329
1177 272
1177 394
1179 703
1181 240
1183 150
1184 751
1184 1274
1187 1484
1188 549
1188 1286
1188 1329
1190 870
1190 935
1190 1383
1190 1503
1190 1554
1192 67
1192 466
1192 948
1193 558
1194 387
1196 1198
1197 259
1197 611
1197 731
1197 911
1199 108
1199 125
1199 273
1199 276
1199 359
1199 835
1199 1083
1199 1273
1199 1353
1199 1474
1200 1435
1201 1366
1202 947
1202 1263
1202 1278
1204 621
1205 92
1207 636
1209 1304
1210 311
1210 1018
1211 1496
1214 1182
1216 586
1216 1532
1217 406
1217 1073
1220 1403
1221 257
1221 442
1221 664
1221 745
1221 1202
1221 1584
1221 1625
1222 1419
1225 215
1225 766
1225 1091
1226 161
1226 503
1226 1328
1227 239
1229 668
1233 641
1233 842
1233 1534
1234 1167
1234 1341
1235 340
1238 1012
1238 1445
1241 1559
1242 362
1243 1431
1243 1637
1244 1103
1245 1292
1247 416
1247 1394
1248 172
1248 203
1248 1596
1251 827
1252 484
1252 497
1252 705
1253 565
1253 1252
1254 415
1254 515
1254 1039
1254 1541
1255 205
1256 196
1256 589
1256 874
1257 1290
1258 141
1258 1569
1261 389
1262 477
1264 1186
1264 1457
1267 338
1267 779
1267 1312
1269 127
1269 813
1270 505
1271 1063
1272 1177
1273 84
1273 546
1275 916
1276 77
1276 812
1277 1271
1278 85
1278 832
1280 664
1280 693
1280 1078
1281 12
1282 552
1282 877
1282 1188
1282 1461
1284 228
1285 469
1286 1069
1286 1370
1288 44
1288 432
1288 587
1289 360
1289 911
1289 1361
1291 50
1291 682
1291 839
1292 1287
1293 1110
1295 459
1300 1373
1301 1072
1302 300
1302 703
1302 998
1302 1441
1302 1555
1303 1189
1306 228
1306 501
1306 925
1308 499
1309 930
1310 1352
1312 1116
1315 221
1315 598
1315 773
1315 963
1315 1013
1315 1548
1316 132
1316 1296
1317 836
1318 1230
1318 1577
1320 303
1320 776
1320 1423
1325 1372
1330 6
1331 1525
1332 796
1332 1145
1334 440
1334 1180
1335 1479
1338 379
1338 1285
1341 109
1341 198
1343 402
1343 1011
1343 1204
1344 225
1345 987
1347 871
1348 840
1350 254
1353 1060
1353 1261
1353 1380
1355 311
1356 464
1358 910
1359 120
1359 290
1359 322
1359 1120
1360 190
1363 317
1363 544
1363 834
1367 413
1367 605
1369 1346
1370 1146
1371 43
1372 211
1372 941
1372 1559
1375 62
1375 91
1376 993
1376 1015
1377 113
1377 566
1377 831
1379 1458
1381 278
1381 937
1383 475
1383 825
1383 1206
1383 1587
1387 1537
1389 360
1389 1487
1393 42
1393 1141
1393 1293
1396 63
1396 919
1398 214
1398 437
1398 678
1399 1591
1400 871
1401 814
1402 319
1402 332
1404 176
1405 1131
1407 1079
1407 1600
1408 1054
1408 1411
1408 1418
1409 236
1410 949
1411 165
1411 628
1411 758
1411 1294
1412 195
1412 634
1412 790
1412 1037
1412 1126
1413 717
1414 354
1415 31
1416 312
1416 1422
1417 765
1418 936
1418 1623
1420 94
1420 179
1420 492
1422 1367
1425 1612
1426 735
1427 99
1427 645
1427 902
1427 1516
1427 1608
1428 512
1430 19
1430 588
1430 1129
1430 1480
1433 640
1434 436
1435 1287
1439 1372
1440 148
1440 387
1440 1432
1441 561
1442 1634
1443 1245
1445 356
1445 1127
1446 855
1447 686
1449 277
1449 1088
1449 1434
1450 1016
1450 1602
1454 882
1455 361
1455 1330
1456 806
1456 946
1456 1615
1458 160
1458 439
1459 692
1460 247
1460 545
1460 728
1460 1095
1461 863
1461 1086
1462 7
1465 1626
1466 372
1466 702
1466 1519
1467 148
1468 689
1468 1335
1469 448
1469 934
1470 1339
1472 543
1473 613
1474 1118
1476 716
1476 792
1477 100
1481 1107
1483 1304
1485 345
1485 1494
1486 853
1487 1634
1488 592
1488 1397
1489 250
1490 1417
1492 159
1493 614
1496 1076
1498 385
1499 1103
1499 1219
1502 1134
1503 537
1503 642
1503 1010
1504 122
1504 754
1504 876
1504 1483
1504 1630
1505 193
1505 350
1505 618
1505 1205
1506 736
1506 905
1506 1047
1506 1114
1506 1226
1506 1406
1506 1528
1507 989
1509 38
1510 604
1510 1357
1511 78
1511 869
1511 980
1512 1139
1513 208
1513 1270
1513 1389
1514 164
1514 352
1515 35
1515 595
1516 681
1519 36
1519 852
1521 868
1521 1339
1522 581
1522 1279
1526 147
1526 844
1526 1064
1526 1592
1527 447
1527 889
1528 476
1528 580
1532 777
1533 1175
1534 156
1534 507
1534 1123
1535 243
1535 1150
1536 262
1536 543
1536 693
1536 1276
1538 369
1538 1272
1539 532
1539 922
1540 321
1541 921
1541 1061
1541 1558
1543 1263
1544 283
1544 875
1547 899
1549 502
1549 1085
1550 829
1550 994
1550 1514
1550 1597
1551 982
1553 1235
1554 472
1555 1195
1555 1243
1555 1465
1556 66
1558 104
1558 626
1558 1545
1562 1087
1563 1404
1564 1032
1565 367
1565 1340
1567 321
1567 341
1568 263
1568 1518
1568 1571
1570 171
1571 438
1572 1247
1573 1047
1575 759
1575 914
1576 479
1577 1421
1579 655
1581 370
1582 1283
1583 722
1584 33
1584 130
1584 471
1584 573
1584 1628
1585 375
1586 523
1586 649
1588 40
1588 1217
1588 1420
1589 1051
1590 29
1590 505
1590 1361
1592 27
1592 41
1592 878
1592 938
1592 1427
1594 166
1594 775
1596 699
1598 189
1598 648
1598 1333
1601 89
1601 1030
1601 1042
1604 810
1605 97
1605 269
1605 561
1605 610
1605 907
1605 1343
1606 1124
1607 1237
1607 1281
1608 663
1609 1429
1610 1482
1615 187
1616 1522
1617 440
1619 1062
1621 683
1622 152
1622 1498
1623 1140
1625 914
1625 1180
1627 954
1627 964
1628 334
1628 1391
1628 1606
1629 400
1630 951
1631 601
1631 1498
1632 26
1632 74
1632 217
1632 738
1632 867
1632 1605
1634 191
1635 1300
1635 1510
1636 20
1636 1066
1636 1338
1637 941
1637 1513
