nodes: 801 edges: 2670
0 1
0 2
0 3
0 4
0 5
0 9
0 10
0 11
0 12
0 13
0 14
0 16
0 18
0 22
0 23
0 24
0 25
0 26
0 28
0 29
0 32
0 38
0 40
0 41
0 42
0 43
0 46
0 48
0 50
0 52
0 55
0 56
0 57
0 58
0 60
0 63
0 66
0 67
0 68
0 70
0 71
0 84
0 85
0 88
0 89
0 90
0 91
0 92
0 94
0 96
0 98
0 99
0 101
0 102
0 108
0 220
0 487
0 576
0 654
0 740
1 2
1 5
1 6
1 10
1 12
1 13
1 14
1 15
1 17
1 18
1 20
1 24
1 25
1 26
1 29
1 33
1 34
1 36
1 42
1 43
1 44
1 45
1 46
1 47
1 48
1 49
1 50
1 52
1 53
1 54
1 55
1 56
1 60
1 61
1 62
1 65
1 68
1 69
1 70
1 74
1 75
1 77
1 78
1 79
1 80
1 83
1 84
1 85
1 89
1 93
1 95
1 97
1 100
1 102
1 104
2 3
2 6
2 8
2 11
2 12
2 14
2 16
2 17
2 19
2 20
2 23
2 24
2 25
2 29
2 30
2 31
2 32
2 34
2 35
2 37
2 39
2 40
2 45
2 48
2 50
2 51
2 53
2 56
2 57
2 62
2 65
2 67
2 68
2 72
2 75
2 76
2 77
2 78
2 80
2 81
2 82
2 83
2 84
2 86
2 87
2 88
2 89
2 95
2 98
2 100
2 102
2 103
2 104
2 105
2 107
3 4
3 6
3 8
3 11
3 12
3 14
3 16
3 17
3 18
3 19
3 20
3 23
3 24
3 25
3 29
3 30
3 31
3 32
3 33
3 35
3 37
3 38
3 41
3 42
3 46
3 47
3 49
3 50
3 51
3 52
3 53
3 54
3 56
3 59
3 60
3 62
3 63
3 64
3 70
3 72
3 75
3 80
3 83
3 84
3 88
3 93
3 94
3 95
3 100
3 104
3 105
3 106
3 107
3 110
3 112
4 6
4 7
4 8
4 9
4 12
4 17
4 19
4 23
4 25
4 33
4 34
4 38
4 40
4 42
4 44
4 47
4 48
4 49
4 51
4 52
4 53
4 58
4 59
4 60
4 61
4 62
4 65
4 68
4 69
4 72
4 74
4 78
4 80
4 86
4 90
4 91
4 92
4 93
4 94
4 98
4 100
4 101
4 102
4 103
4 104
4 105
4 107
4 108
4 110
4 112
4 113
4 114
4 115
4 118
4 125
5 7
5 9
5 10
5 13
5 15
5 18
5 20
5 21
5 22
5 23
5 24
5 25
5 26
5 28
5 29
5 33
5 34
5 35
5 36
5 37
5 39
5 40
5 42
5 43
5 45
5 46
5 47
5 48
5 49
5 50
5 52
5 53
5 54
5 55
5 56
5 57
5 58
5 59
5 61
5 68
5 70
5 71
5 77
5 78
5 81
5 84
5 85
5 86
5 87
5 88
5 91
5 94
5 95
5 96
5 99
6 9
6 10
6 11
6 12
6 14
6 16
6 18
6 19
6 23
6 24
6 25
6 28
6 29
6 30
6 32
6 34
6 38
6 39
6 40
6 44
6 46
6 48
6 49
6 50
6 52
6 60
6 61
6 62
6 63
6 64
6 65
6 66
6 68
6 69
6 70
6 71
6 74
6 75
6 76
6 77
6 81
6 83
6 84
6 87
6 89
6 90
6 91
6 92
6 94
6 95
6 99
6 100
6 102
6 104
6 108
7 13
7 14
7 15
7 16
7 18
7 19
7 23
7 24
7 25
7 27
7 28
7 30
7 31
7 32
7 33
7 34
7 35
7 36
7 37
7 39
7 47
7 49
7 50
7 51
7 52
7 54
7 58
7 60
7 63
7 64
7 66
7 69
7 70
7 75
7 78
7 79
7 80
7 81
7 82
7 85
7 88
7 89
7 90
7 91
7 94
7 96
7 97
7 98
7 100
7 101
7 102
7 103
7 104
7 105
7 107
7 464
8 12
8 13
8 14
8 17
8 23
8 25
8 26
8 31
8 32
8 33
8 34
8 35
8 36
8 37
8 38
8 39
8 40
8 43
8 44
8 45
8 46
8 47
8 48
8 49
8 51
8 53
8 54
8 56
8 57
8 58
8 59
8 61
8 62
8 64
8 67
8 68
8 69
8 71
8 74
8 75
8 78
8 80
8 82
8 83
8 84
8 85
8 86
8 90
8 91
8 92
8 94
8 95
8 100
8 102
8 106
9 11
9 12
9 14
9 18
9 19
9 23
9 31
9 32
9 37
9 38
9 39
9 41
9 43
9 44
9 46
9 48
9 49
9 50
9 52
9 54
9 59
9 62
9 64
9 65
9 66
9 70
9 71
9 72
9 74
9 75
9 79
9 82
9 83
9 84
9 86
9 87
9 90
9 92
9 94
9 97
9 98
9 104
9 105
9 106
9 108
9 112
9 113
9 115
9 116
9 117
9 118
9 125
9 127
9 128
9 133
9 134
9 534
9 767
10 11
10 13
10 14
10 16
10 18
10 19
10 20
10 23
10 24
10 25
10 26
10 27
10 30
10 32
10 33
10 35
10 37
10 38
10 39
10 42
10 43
10 45
10 48
10 49
10 50
10 51
10 52
10 53
10 54
10 61
10 63
10 64
10 66
10 67
10 68
10 69
10 70
10 71
10 73
10 74
10 76
10 79
10 84
10 85
10 86
10 87
10 89
10 90
10 91
10 96
10 98
10 99
10 103
10 104
10 105
10 285
10 707
11 12
11 15
11 16
11 19
11 21
11 22
11 23
11 25
11 26
11 30
11 32
11 33
11 36
11 38
11 39
11 40
11 41
11 42
11 45
11 46
11 48
11 49
11 52
11 55
11 58
11 60
11 62
11 63
11 66
11 67
11 68
11 69
11 70
11 71
11 72
11 74
11 75
11 76
11 79
11 81
11 82
11 84
11 87
11 88
11 90
11 93
11 95
11 96
11 99
11 100
11 104
11 105
11 107
11 109
11 110
12 13
12 14
12 17
12 18
12 20
12 21
12 24
12 26
12 28
12 29
12 33
12 38
12 39
12 40
12 47
12 52
12 53
12 59
12 60
12 62
12 63
12 65
12 66
12 68
12 70
12 71
12 72
12 76
12 77
12 78
12 79
12 85
12 87
12 90
12 91
12 93
12 95
12 96
12 97
12 101
12 106
12 107
12 108
12 109
12 110
12 111
12 116
12 118
12 119
12 120
12 121
12 122
12 124
12 127
12 132
13 14
13 16
13 17
13 19
13 25
13 26
13 30
13 32
13 34
13 35
13 38
13 44
13 45
13 46
13 47
13 48
13 49
13 52
13 54
13 55
13 59
13 64
13 65
13 67
13 68
13 69
13 70
13 72
13 73
13 77
13 79
13 80
13 81
13 82
13 83
13 88
13 94
13 96
13 97
13 100
13 102
13 107
13 108
13 109
13 116
13 117
13 118
13 119
13 124
13 125
13 126
13 127
13 128
13 130
13 134
13 136
14 19
14 20
14 21
14 22
14 24
14 25
14 27
14 28
14 30
14 32
14 33
14 36
14 37
14 38
14 40
14 43
14 44
14 46
14 48
14 50
14 53
14 58
14 59
14 60
14 61
14 63
14 64
14 65
14 66
14 67
14 70
14 72
14 73
14 74
14 75
14 77
14 79
14 80
14 82
14 91
14 93
14 96
14 98
14 99
14 101
14 104
14 105
14 106
14 108
14 109
14 111
14 112
14 115
14 116
14 118
15 17
15 19
15 20
15 22
15 23
15 25
15 26
15 29
15 31
15 32
15 33
15 34
15 35
15 38
15 39
15 40
15 43
15 44
15 45
15 46
15 49
15 50
15 51
15 53
15 54
15 57
15 59
15 63
15 64
15 70
15 71
15 74
15 77
15 78
15 79
15 81
15 82
15 85
15 86
15 94
15 95
15 96
15 98
15 102
15 103
15 104
15 105
15 110
15 111
15 112
15 114
15 115
15 118
15 120
15 121
16 17
16 20
16 21
16 24
16 25
16 29
16 30
16 31
16 32
16 34
16 36
16 38
16 39
16 43
16 45
16 50
16 51
16 54
16 58
16 61
16 62
16 63
16 64
16 66
16 71
16 72
16 75
16 80
16 82
16 84
16 90
16 92
16 95
16 100
16 102
16 106
16 110
16 112
16 113
16 115
16 117
16 119
16 122
16 125
16 129
16 132
16 133
16 134
16 136
16 137
16 139
16 140
16 143
16 148
16 149
16 321
17 18
17 20
17 22
17 24
17 27
17 28
17 30
17 32
17 34
17 36
17 37
17 46
17 49
17 52
17 54
17 55
17 56
17 57
17 59
17 61
17 62
17 63
17 65
17 67
17 68
17 69
17 70
17 71
17 72
17 75
17 78
17 79
17 80
17 82
17 86
17 87
17 88
17 90
17 91
17 92
17 95
17 98
17 104
17 105
17 106
17 107
17 108
17 111
17 112
17 114
17 115
17 117
17 118
17 120
17 121
17 193
18 19
18 20
18 25
18 26
18 27
18 29
18 30
18 32
18 34
18 36
18 37
18 38
18 41
18 42
18 43
18 44
18 45
18 47
18 48
18 49
18 50
18 51
18 54
18 55
18 58
18 59
18 61
18 63
18 67
18 68
18 71
18 76
18 79
18 80
18 82
18 84
18 86
18 87
18 88
18 89
18 91
18 92
18 93
18 94
18 95
18 97
18 101
18 102
18 103
18 104
18 106
18 109
18 110
18 111
18 113
18 129
18 319
19 20
19 21
19 22
19 27
19 30
19 33
19 34
19 35
19 36
19 38
19 40
19 43
19 44
19 45
19 49
19 50
19 53
19 54
19 58
19 59
19 62
19 63
19 66
19 69
19 70
19 71
19 72
19 73
19 74
19 75
19 81
19 84
19 85
19 86
19 87
19 88
19 90
19 91
19 96
19 99
19 102
19 103
19 104
19 107
19 112
19 113
19 116
19 119
19 120
19 122
19 128
19 129
19 131
19 132
19 133
20 22
20 25
20 28
20 31
20 32
20 33
20 36
20 37
20 38
20 40
20 43
20 44
20 46
20 47
20 48
20 50
20 51
20 52
20 53
20 54
20 55
20 58
20 60
20 61
20 63
20 68
20 69
20 73
20 75
20 76
20 78
20 80
20 82
20 86
20 90
20 92
20 94
20 95
20 98
20 99
20 100
20 101
20 102
20 103
20 104
20 109
20 110
20 111
20 112
20 114
20 116
20 120
20 121
20 125
20 126
21 22
21 24
21 28
21 29
21 30
21 31
21 33
21 34
21 35
21 36
21 38
21 43
21 48
21 50
21 51
21 54
21 56
21 57
21 58
21 61
21 63
21 64
21 75
21 76
21 79
21 81
21 82
21 84
21 85
21 86
21 87
21 88
21 92
21 94
21 95
21 97
21 98
21 99
21 100
21 101
21 108
21 110
21 116
21 117
21 119
21 120
21 124
21 125
21 126
21 127
21 128
21 129
21 131
21 136
21 137
21 193
21 336
21 731
22 23
22 24
22 25
22 28
22 29
22 31
22 32
22 33
22 36
22 37
22 39
22 40
22 41
22 42
22 44
22 45
22 48
22 50
22 51
22 53
22 54
22 55
22 56
22 57
22 58
22 59
22 65
22 67
22 69
22 70
22 71
22 72
22 75
22 76
22 77
22 79
22 80
22 81
22 82
22 86
22 87
22 88
22 89
22 91
22 92
22 93
22 95
22 96
22 97
22 101
22 102
22 103
22 104
22 105
22 106
23 26
23 28
23 30
23 34
23 35
23 36
23 38
23 39
23 40
23 45
23 46
23 49
23 50
23 52
23 55
23 57
23 58
23 59
23 60
23 62
23 64
23 66
23 67
23 68
23 74
23 77
23 79
23 80
23 81
23 82
23 83
23 84
23 85
23 87
23 90
23 92
23 94
23 104
23 110
23 111
23 115
23 117
23 120
23 121
23 122
23 123
23 125
23 130
23 131
23 132
23 135
23 140
23 141
23 147
23 149
24 26
24 27
24 34
24 35
24 38
24 39
24 40
24 43
24 44
24 45
24 46
24 47
24 48
24 49
24 50
24 52
24 53
24 54
24 55
24 57
24 58
24 59
24 62
24 63
24 64
24 66
24 69
24 71
24 72
24 73
24 74
24 75
24 77
24 78
24 80
24 81
24 82
24 85
24 86
24 87
24 88
24 89
24 90
24 92
24 93
24 95
24 96
24 97
24 101
24 104
24 107
24 108
24 110
24 118
24 119
25 26
25 30
25 31
25 32
25 34
25 35
25 37
25 40
25 41
25 42
25 43
25 46
25 50
25 51
25 54
25 55
25 57
25 58
25 62
25 63
25 64
25 65
25 67
25 68
25 69
25 70
25 71
25 72
25 75
25 77
25 81
25 82
25 83
25 85
25 89
25 91
25 93
25 94
25 95
25 101
25 102
25 103
25 105
25 107
25 114
25 117
25 118
25 119
25 120
25 122
25 128
25 131
25 133
25 134
25 136
25 738
26 27
26 31
26 32
26 34
26 35
26 36
26 37
26 38
26 40
26 42
26 44
26 45
26 47
26 49
26 50
26 51
26 53
26 59
26 60
26 61
26 62
26 63
26 64
26 66
26 69
26 70
26 71
26 74
26 75
26 77
26 78
26 80
26 81
26 83
26 84
26 85
26 86
26 91
26 94
26 99
26 101
26 104
26 105
26 106
26 108
26 109
26 110
26 112
26 113
26 114
26 115
26 117
26 118
26 119
26 129
27 28
27 32
27 33
27 37
27 40
27 41
27 43
27 45
27 46
27 50
27 53
27 56
27 57
27 58
27 59
27 63
27 66
27 70
27 71
27 73
27 76
27 77
27 79
27 80
27 82
27 84
27 85
27 86
27 87
27 88
27 90
27 94
27 95
27 99
27 100
27 102
27 106
27 109
27 111
27 113
27 116
27 118
27 130
27 131
27 132
27 133
27 136
27 137
27 138
27 139
27 140
27 142
27 143
27 144
27 150
28 33
28 37
28 39
28 41
28 42
28 43
28 46
28 47
28 49
28 52
28 53
28 54
28 56
28 57
28 59
28 60
28 64
28 65
28 66
28 68
28 69
28 71
28 72
28 73
28 74
28 77
28 78
28 79
28 80
28 81
28 83
28 84
28 87
28 88
28 89
28 90
28 95
28 96
28 98
28 100
28 103
28 105
28 106
28 107
28 108
28 111
28 113
28 116
28 117
28 122
28 123
28 124
28 125
28 128
28 129
28 167
29 30
29 31
29 32
29 33
29 34
29 36
29 37
29 38
29 39
29 41
29 45
29 47
29 49
29 50
29 54
29 58
29 59
29 60
29 63
29 66
29 69
29 71
29 73
29 74
29 75
29 76
29 77
29 81
29 82
29 84
29 85
29 89
29 91
29 93
29 97
29 98
29 100
29 101
29 102
29 103
29 105
29 106
29 109
29 115
29 118
29 119
29 120
29 121
29 122
29 123
29 124
29 125
29 126
29 127
29 128
29 307
30 31
30 33
30 34
30 36
30 38
30 40
30 42
30 45
30 49
30 50
30 51
30 53
30 54
30 57
30 63
30 64
30 65
30 69
30 70
30 71
30 74
30 77
30 78
30 82
30 84
30 86
30 91
30 93
30 95
30 96
30 97
30 98
30 99
30 102
30 105
30 106
30 107
30 108
30 109
30 111
30 112
30 113
30 115
30 116
30 117
30 120
30 121
30 124
30 125
30 128
30 133
30 134
30 136
30 137
30 138
31 32
31 34
31 38
31 39
31 42
31 43
31 44
31 46
31 48
31 52
31 53
31 57
31 58
31 60
31 63
31 65
31 66
31 70
31 72
31 73
31 74
31 75
31 76
31 77
31 81
31 83
31 84
31 85
31 87
31 88
31 90
31 92
31 95
31 98
31 99
31 100
31 103
31 104
31 105
31 106
31 107
31 113
31 115
31 116
31 118
31 119
31 121
31 125
31 127
31 128
31 129
31 138
31 142
31 144
31 145
31 147
31 344
32 34
32 35
32 37
32 39
32 42
32 44
32 50
32 51
32 54
32 55
32 56
32 57
32 62
32 64
32 65
32 67
32 68
32 71
32 72
32 76
32 77
32 78
32 79
32 82
32 84
32 88
32 89
32 91
32 93
32 95
32 98
32 100
32 101
32 103
32 104
32 106
32 107
32 110
32 112
32 113
32 115
32 117
32 118
32 119
32 120
32 121
32 127
32 128
32 133
32 135
32 136
32 137
32 138
32 140
32 142
32 373
33 34
33 36
33 37
33 39
33 40
33 41
33 42
33 44
33 45
33 49
33 51
33 58
33 62
33 65
33 67
33 68
33 70
33 71
33 72
33 73
33 77
33 79
33 80
33 82
33 83
33 86
33 89
33 91
33 92
33 94
33 97
33 99
33 102
33 104
33 109
33 110
33 111
33 112
33 119
33 120
33 123
33 124
33 126
33 128
33 130
33 132
33 134
33 135
33 136
33 138
33 140
33 141
33 142
33 143
33 146
34 622
35 524
35 539
35 765
37 477
38 172
39 181
40 195
41 125
41 203
42 293
42 384
46 326
47 228
52 549
54 184
54 755
55 728
56 596
57 569
58 179
59 82
59 306
59 339
59 679
60 242
61 366
61 719
64 480
64 714
66 785
67 396
68 130
71 223
72 255
72 402
74 791
77 91
77 448
77 710
78 234
79 154
79 302
79 543
82 204
86 46
87 22
87 178
87 461
87 772
88 523
89 473
90 377
90 520
90 584
90 744
91 685
92 451
94 112
97 266
97 426
99 246
104 418
106 26
106 177
106 610
106 646
109 106
109 729
111 638
112 97
112 219
114 240
116 429
119 128
121 620
124 369
126 756
130 224
131 243
131 320
131 651
132 229
132 276
132 433
132 673
133 439
135 446
135 681
135 750
139 383
141 593
144 9
144 479
144 632
144 720
145 152
145 304
147 774
148 199
151 732
154 208
156 8
156 329
156 645
156 703
158 43
158 444
158 553
158 705
159 502
159 558
159 626
160 605
161 61
161 269
161 270
161 277
161 353
161 517
161 545
161 618
162 552
163 758
164 15
166 71
166 222
168 68
168 116
168 158
168 194
168 442
168 495
170 635
171 23
171 55
171 542
171 583
171 621
171 633
171 721
171 768
173 49
174 67
176 256
177 743
177 792
178 39
178 642
183 281
184 355
188 680
191 254
191 395
191 406
192 500
194 17
194 18
194 89
194 371
194 692
194 778
197 196
197 202
197 587
197 766
199 658
200 470
201 230
206 297
208 284
209 57
209 135
211 604
212 478
213 0
213 31
213 51
213 77
213 262
213 629
214 120
214 608
214 773
219 800
220 474
226 38
226 521
227 88
230 727
231 682
233 238
233 364
233 533
235 32
235 303
236 351
238 783
241 34
241 66
241 382
242 599
242 760
244 488
245 6
245 421
245 457
248 288
249 252
250 374
251 728
252 102
253 121
253 591
255 248
255 657
257 138
258 74
258 322
258 411
259 217
260 515
262 16
262 159
262 379
262 413
262 458
262 486
262 612
262 718
262 757
262 770
265 148
265 312
265 762
266 85
267 84
267 124
267 423
267 554
267 706
268 99
268 650
269 241
269 425
269 467
270 305
273 600
276 261
276 496
276 793
277 107
277 231
277 361
277 370
277 522
277 668
280 85
280 510
280 561
282 351
283 197
283 328
283 401
283 409
283 578
283 624
283 641
285 103
289 291
289 481
291 87
291 92
291 168
291 286
291 538
292 214
292 594
293 259
293 491
293 630
295 200
296 784
298 185
299 69
299 513
302 221
303 65
305 579
306 753
308 58
311 318
313 722
314 334
318 11
321 274
321 415
321 663
322 684
324 263
325 441
325 443
327 598
329 410
330 446
332 153
337 113
338 301
339 742
341 157
341 498
341 798
342 440
344 149
344 412
344 528
345 37
345 117
345 483
346 53
346 526
352 1
352 44
354 489
354 697
354 739
357 417
357 509
360 155
360 264
360 694
361 235
361 236
361 531
362 462
363 625
363 746
366 12
366 349
366 581
366 647
367 187
367 736
369 198
377 143
378 296
378 699
379 42
379 283
379 452
379 688
379 716
382 781
383 390
385 367
385 494
387 476
393 447
396 387
397 145
397 570
400 340
402 585
402 759
403 192
403 355
403 376
404 506
407 674
408 205
408 795
409 580
411 166
411 468
412 337
412 723
413 10
413 711
414 108
415 359
415 501
416 188
418 672
419 118
420 162
422 453
422 514
422 537
422 656
423 460
424 637
426 779
428 216
429 131
429 316
430 268
430 273
430 562
430 683
430 787
432 324
432 586
432 730
433 507
435 568
436 691
438 151
438 696
440 372
444 557
444 564
444 669
448 24
448 78
450 90
450 94
450 136
450 140
450 144
450 237
450 378
450 754
451 2
451 73
451 363
451 459
452 613
453 357
453 667
454 62
454 156
454 227
454 332
454 385
454 475
454 536
454 577
457 104
457 783
458 182
458 512
459 70
461 5
461 233
461 644
461 713
461 789
462 146
463 438
465 706
466 330
466 508
466 516
466 649
467 147
467 400
471 388
475 532
476 431
477 45
477 83
477 350
480 212
480 687
481 445
482 3
483 123
483 315
484 628
485 272
486 485
486 698
489 347
490 209
490 338
492 335
493 405
494 139
494 295
494 708
495 275
497 72
497 311
497 450
497 655
500 665
501 234
505 449
507 25
507 225
509 102
510 86
510 211
511 43
513 742
516 741
518 137
518 298
519 206
519 341
519 752
520 239
520 265
520 794
521 175
521 572
522 59
522 253
522 260
522 299
522 653
524 530
524 671
527 33
527 134
527 724
529 165
529 390
530 375
534 195
536 535
536 689
537 471
537 749
542 616
544 251
545 249
547 427
548 348
551 52
551 282
551 394
551 761
552 511
554 189
554 279
554 408
554 631
555 271
558 712
559 80
562 784
563 392
566 280
566 617
566 666
569 776
569 780
570 278
570 354
572 229
573 733
574 122
579 142
580 19
580 544
581 529
583 30
583 54
583 289
583 619
583 695
583 748
584 141
584 751
586 114
589 95
592 75
592 690
594 482
596 405
598 63
601 419
601 659
601 777
603 47
603 218
608 129
609 425
611 547
612 587
613 50
615 469
618 19
619 246
619 386
619 609
621 190
621 559
621 715
621 786
623 434
623 560
625 186
625 201
626 590
626 614
626 775
627 504
629 362
629 416
629 518
629 652
629 701
629 799
630 365
631 210
633 119
633 226
633 247
633 251
633 397
633 661
633 734
633 790
634 595
639 432
641 181
642 346
642 796
643 40
644 505
644 597
645 589
646 368
648 64
648 79
648 662
649 111
649 150
649 407
650 164
653 98
653 287
653 745
654 105
654 702
655 20
655 430
655 575
657 664
658 278
661 146
661 163
661 398
661 466
661 497
661 601
663 257
663 540
665 320
666 308
667 173
667 352
668 292
668 463
668 546
669 665
670 764
671 484
672 333
672 709
672 788
673 309
673 325
673 565
673 700
674 100
674 358
674 360
678 391
678 563
680 380
685 176
685 636
686 472
688 323
690 300
691 117
692 573
692 603
693 424
693 436
693 675
695 7
695 245
695 267
695 313
695 422
695 519
696 602
698 14
698 327
699 456
701 515
703 376
704 53
704 590
705 21
705 640
705 686
705 693
708 210
708 372
711 607
712 314
713 232
713 356
713 769
714 41
715 101
715 244
715 428
716 403
716 555
716 574
716 704
718 76
718 527
721 161
721 551
721 643
721 797
722 342
722 567
723 250
724 36
725 56
725 169
725 763
726 27
726 550
729 389
729 499
729 611
730 170
732 115
734 174
734 454
734 623
734 648
736 183
736 493
741 127
744 109
744 455
746 180
746 331
746 435
746 677
747 414
747 420
748 142
748 191
749 676
752 381
754 465
754 735
754 747
755 556
755 717
757 93
758 345
758 592
758 726
759 215
759 492
760 627
760 670
760 678
761 474
761 660
763 393
763 771
765 60
766 460
768 132
768 160
768 437
768 490
768 503
768 504
768 525
769 548
769 571
769 634
770 568
773 294
775 186
776 48
776 606
776 725
777 4
777 582
778 29
780 317
781 404
785 110
786 310
786 566
787 204
789 399
790 35
790 126
790 258
790 737
790 782
791 595
794 343
794 541
794 588
795 207
797 13
797 28
797 213
797 639
799 615
800 290
